0.0	1.0	0.0	0.12317952417653123	0.8069727950110558	0.06347765008757503	0.15501513591023253	0.9321887283751242	0.24471074017282973	0.09325977836998525	0.436980274805259	0.008226562357811735
1.0	0.0	0.0	0.9822509539790182	0.04625478801182205	0.006976625545965135	0.9998643051309077	0.15798457501939012	0.00635966052189641	0.9348080448128677	0.00023403648326982956	9.702067045503479e-06
1.0	0.0	0.0	0.9970998389117032	0.003131767736602313	0.0023360054102867754	0.9999998038922486	0.02294385361013021	0.0004602689486243065	0.9984569905368479	2.5754951797169377e-08	2.4581012404266105e-07
1.0	0.0	0.0	0.9986453152688128	0.0017991416822561554	0.0014192983637031434	0.9999999801288453	0.004270637890211736	0.00010997741913133693	0.9998562667675908	4.145560615785538e-09	1.817079773973443e-08
1.0	0.0	0.0	0.9990519832387608	0.0015246014702655828	0.0011569360405563607	0.9999999998988213	0.002311361708390825	3.040601096418268e-05	0.9999580711207471	3.51197167003051e-11	2.654382160492923e-11
1.0	0.0	0.0	0.967070299021649	0.05766555111007322	0.0091910488289928	0.9991276408047202	0.1914234512979932	0.019562951355217295	0.8590628509195226	0.000848031361700839	3.986318261692515e-05
1.0	0.0	0.0	0.997261553111615	0.003621313724972557	0.0021955967965356918	0.9999998587078658	0.029109941669653146	0.0004680354089481662	0.9987774502834287	3.992291762045817e-08	2.002850299796013e-07
1.0	0.0	0.0	0.9987878570407152	0.001990675835965608	0.0012629381916694925	0.9999999526464038	0.005228296210197304	9.732932610118736e-05	0.999863742857488	1.7247269138066273e-08	8.139442443812538e-08
1.0	0.0	0.0	0.9991635035034495	0.0016567627308026898	0.0010124171904431368	0.999999998561748	0.0027830773014182555	2.66818167425672e-05	0.9999659227389155	7.121912026526605e-10	8.640451478175667e-10
1.0	0.0	0.0	0.9993060690907626	0.0015212052245165966	0.0009192535102039159	0.9999999999885643	0.002138131805611782	8.219469775968846e-06	0.9999851722974287	6.448309689757439e-12	1.608093088692029e-12
1.0	0.0	0.0	0.9958970167634663	0.004107115313287959	0.003246153408373229	0.9999992092977655	0.03860226061833238	0.005797909374044552	0.9936417306563725	2.5515709079258284e-08	1.0257479001884234e-06
1.0	0.0	0.0	0.9986840501399173	0.0021217879280248635	0.0013089011402753312	0.99999989898869	0.006623431686351425	0.00017566939146163133	0.9997806352745615	2.7275544485722384e-08	1.540195609867337e-07
1.0	0.0	0.0	0.9991606113435296	0.0017291551018744225	0.0009754575018076951	0.9999999947869591	0.0031766910936257002	3.1729674743433145e-05	0.9999572800036518	6.559783171588818e-09	1.362359523701184e-08
1.0	0.0	0.0	0.9993230364191286	0.0015750504173576874	0.0008597032259468697	0.9999999998650451	0.0023634105058852432	8.966329253384748e-06	0.999984637281977	5.935307049170059e-11	3.222515310836383e-11
1.0	0.0	0.0	0.999399864110812	0.0014889391247692753	0.0008088858706969143	0.9999999999954138	0.0019985351790025546	3.378164232531721e-06	0.9999902987972025	2.4935319912685595e-12	4.3950831880455495e-13
1.0	0.0	0.0	0.9981526916533265	0.0024347301956884194	0.002082956868565253	0.9999990949490553	0.0117945897532911	0.005726211273340963	0.9975106749833648	1.4813580654343696e-08	1.3163776629457539e-06
1.0	0.0	0.0	0.9990937842157069	0.0018612714305848944	0.0010195774532915846	0.999999984134018	0.004416267604396827	8.886025895158747e-05	0.9999108381199037	1.8817573478919452e-08	5.985703044331647e-08
1.0	0.0	0.0	0.9993084071370933	0.0016410330988530406	0.0008515307652086848	0.9999999992999149	0.002759405922436456	1.1972610079810497e-05	0.9999815367420364	1.0195499325499734e-09	1.3578814933811656e-09
1.0	0.0	0.0	0.999400871354132	0.001531956609786349	0.0007804112889945404	0.9999999999817384	0.0022068591991155455	3.518223716332267e-06	0.9999895276353841	7.748943969424274e-12	2.129864068854462e-12
1.0	0.0	0.0	0.9994509768735512	0.0014648855875917936	0.0007446293336148381	0.9999999999970626	0.0019377529712196943	2.7137052142797017e-06	0.9999925579874687	1.69751013990056e-12	2.528645913232885e-13
1.0	0.0	0.0	0.9988144735129049	0.0022449309841718577	0.0016071351534056838	0.9999986275631978	0.009140394978685957	0.004709535979358218	0.9983408699041798	1.036130881419261e-08	1.9258002462533993e-06
1.0	0.0	0.0	0.9992658735784405	0.0018061579830647822	0.0008897759320513543	0.9999999977366988	0.004199998436236831	5.618029993467998e-05	0.9999490849513835	7.831180725924522e-09	6.228248106516042e-09
1.0	0.0	0.0	0.9993870851450958	0.0016070185474681324	0.0007851633953599582	0.9999999998179858	0.002663133323885174	5.03856756213266e-06	0.9999873292956846	8.111967695229805e-11	5.369917159344186e-11
1.0	0.0	0.0	0.9994480804213174	0.0015100218487976403	0.0007340964670610169	0.9999999999941203	0.0021566256296168735	2.8970080114357268e-06	0.9999919556894664	2.7430762625446822e-12	4.808416795482137e-13
1.0	0.0	0.0	0.9994841001198	0.0014514099356994921	0.0007055053235740119	0.9999999999976849	0.0019328343430170178	2.3149203807068154e-06	0.9999939957660228	1.463137987014601e-12	2.0548471556707415e-13
0.0	0.0	1.0	0.0010269648482525951	0.08247227246416657	0.9937214868198914	0.001482777642864972	0.18230527704400182	0.9997782357807977	8.293237852622289e-06	0.0453419651146741	0.9694115991879435
0.0	1.0	0.0	0.10259731881025712	0.7302758486920968	0.08362468659052641	0.2175796731581278	0.9320453300477284	0.16081594432882418	0.047777475357863954	0.3771798006664642	0.01048735751710241
1.0	0.0	0.0	0.9813247227557099	0.02647114924356937	0.006587028472476131	0.9996060060922325	0.12436848062721702	0.006398758401791264	0.9326435692086681	4.5259287865255526e-05	2.2808038220721912e-05
1.0	0.0	0.0	0.9970979241139316	0.0024159842222258457	0.0022468219371479387	0.9999999814959895	0.014133081265284632	0.00027803013065157877	0.9984814751218223	3.274276934791101e-10	8.578283510474843e-09
1.0	0.0	0.0	0.9985333419416105	0.0015753844614896687	0.0014593266330225033	0.9999999998676656	0.0027821019629034383	3.891687242961541e-05	0.9998631308406385	2.608736509595473e-12	1.3831257586791357e-11
0.0	1.0	0.0	0.0822287795768387	0.7436574298353825	0.11402470820036385	0.13663406574264259	0.9166773202604074	0.2783663841992223	0.049507181315016635	0.39980719622557953	0.018713224118102254
1.0	0.0	0.0	0.9893419102329073	0.03967786321707873	0.005096542522126539	0.9997788398407086	0.15681918320153443	0.00271585632556631	0.9724798994433204	0.0006922895198231242	1.3224942240827092e-05
1.0	0.0	0.0	0.9977249532869487	0.0029278281898943203	0.0018593504132576565	0.999999968355872	0.019204956154541836	9.520354984667022e-05	0.9995663030634474	6.792748857812136e-09	3.6308748374117906e-08
1.0	0.0	0.0	0.9988193844844103	0.001782150803418818	0.0012190550100486931	0.9999999998372696	0.0037538962206163885	1.5123090040074516e-05	0.9999548790397623	5.3403825223190825e-11	4.880476649011909e-11
1.0	0.0	0.0	0.9991361777716086	0.00154020447936198	0.0010237320120928806	0.9999999999944049	0.002127804923024013	5.2256895917052445e-06	0.9999830190314725	2.116860079245936e-12	6.114264952077616e-13
1.0	0.0	0.0	0.9337660949334103	0.04610936867113926	0.013468570214215958	0.9913475865979673	0.19191690979581658	0.04015055177129429	0.7952392047177249	0.0015739761509945486	0.0002883542759614739
1.0	0.0	0.0	0.9973359447492991	0.003130779393565762	0.0020726154299505347	0.9999998882682366	0.02300513920530667	0.0001778402495246811	0.9993558681355329	2.0512914455904405e-08	1.7298042868442287e-07
1.0	0.0	0.0	0.9987823974017397	0.0018712645313465489	0.0012026733593162454	0.9999999977278596	0.004248365082308387	1.6602816578547196e-05	0.9999539387221099	8.833619921067074e-10	2.6252430422636515e-09
1.0	0.0	0.0	0.9991493694624037	0.001602374378212833	0.0009665162731094396	0.9999999999774134	0.002348547355261288	4.806340208144955e-06	0.9999838694657701	6.826627791505665e-12	3.034398755581756e-12
1.0	0.0	0.0	0.9992955256860029	0.0014960362428559004	0.0008730152231058936	0.9999999999964255	0.0018925481459725246	3.274218567005951e-06	0.9999901640065787	1.4464196896978789e-12	3.4239434570310994e-13
1.0	0.0	0.0	0.9955382261269803	0.0035339242892640853	0.003604549826178113	0.999996364435014	0.03325311863727964	0.006575105343361504	0.9949176164725129	1.1040624425846086e-08	5.059355470225445e-06
1.0	0.0	0.0	0.9985900403802758	0.0019893465064548797	0.0013308661861247636	0.9999999919676748	0.005840528051174077	5.3067745081933846e-05	0.9999172936756346	6.505945101363369e-09	3.1275199346118727e-08
1.0	0.0	0.0	0.9991046477818136	0.001664805709270194	0.0009780600112359857	0.9999999996996164	0.0027417380036425143	6.250991966274165e-06	0.9999807176333402	7.290551970309136e-11	8.248571594808244e-11
1.0	0.0	0.0	0.9992855153968687	0.0015344348609671334	0.0008510571551249628	0.9999999999926298	0.0020735454191180376	3.4475389908693466e-06	0.9999895876420327	2.317482459618786e-12	6.806284975410969e-13
1.0	0.0	0.0	0.9993742205197744	0.001465803308855556	0.0007908347215139875	0.9999999999971039	0.001826269370069855	2.6347655320505514e-06	0.9999926137883415	1.2460831706743271e-12	2.7771348914009956e-13
1.0	0.0	0.0	0.9980663660629246	0.0022412574152496827	0.0019597496369379093	0.9999960525406121	0.010982386837631496	0.0028904718998755256	0.9991046909342596	4.12788464407375e-09	5.7247174696150986e-06
1.0	0.0	0.0	0.9990049215268888	0.0018139340011200512	0.0010595421534385927	0.9999999985624904	0.0042833736986608705	3.89759478280507e-05	0.9999626978223629	1.1261790073730266e-09	3.4824892346636593e-09
1.0	0.0	0.0	0.9992513751296446	0.0016070422950125397	0.0008703404446949354	0.9999999999683553	0.002533598763090052	4.837538372945381e-06	0.99998701220021	8.361929364482551e-12	4.075047162888658e-12
1.0	0.0	0.0	0.9993615202479567	0.0015065030318411078	0.0007866202189492134	0.9999999999957487	0.0020252644063409875	2.8641848365876627e-06	0.9999920584516012	1.4973745095851505e-12	3.5990091249396117e-13
1.0	0.0	0.0	0.9994229460773607	0.0014494153102972307	0.0007414733713015359	0.9999999999973779	0.001828315900457107	2.3071162141859962e-06	0.9999938570300074	1.1803103190395443e-12	2.575283825489872e-13
0.0	0.0	1.0	0.0006975855693165781	0.004636840023042637	0.9996064254219494	6.730632749952569e-06	0.030764031239496125	0.9999999988339996	3.7875184968181136e-11	5.730030147039371e-05	0.9997729542004301
0.0	0.0	1.0	0.0012963930898754604	0.07741599155346207	0.9905445934178386	0.0056586247640087114	0.1581022193264669	0.9997463007358904	4.258200655488733e-06	0.04997929767486539	0.9383620148487943
0.0	1.0	0.0	0.046750127228471626	0.28337601164916476	0.12464008929375904	0.209885534054498	0.4449546508093873	0.23172465315865673	0.004371364217054076	0.14864434862889583	0.05838604775441807
1.0	0.0	0.0	0.9813760454144426	0.013212524889968016	0.006894196283916192	0.9998834928288276	0.07109565450233424	0.012985399430488579	0.908988926592714	2.7366368444804393e-08	6.248238795972089e-07
1.0	0.0	0.0	0.9965949120122214	0.0019184830812552388	0.002442679930854263	0.9999999889672484	0.007976233416620635	0.0006438929629976783	0.9973636661808397	1.8471752668882014e-13	2.6905835777907505e-10
0.0	0.0	1.0	0.0013623746445506429	0.0884625973057279	0.985659629401267	0.0034573722923024377	0.15391128010724942	0.998704177588364	4.0386103839462286e-05	0.0664990345817988	0.9341678250130071
1.0	0.0	0.0	0.7328828344783948	0.7231819786547781	0.016009726248914186	0.8684251754015418	0.9518673662448508	0.027698493360087513	0.6351265944014495	0.38068960659789064	0.0011049356393571124
1.0	0.0	0.0	0.993818342313113	0.02502353029381729	0.003759943354950633	0.9999947346661757	0.12084629943556015	0.0008224826941881288	0.992011731213438	2.8492893097120314e-05	1.482702109484286e-07
1.0	0.0	0.0	0.9979482062271994	0.0024319599516187135	0.0016962327964975409	0.9999999999713551	0.013219455284342487	4.490890307806545e-05	0.999773831727245	8.646914902957859e-12	3.811306703300167e-12
1.0	0.0	0.0	0.9988105982470484	0.001624988234106254	0.0012164048391347013	0.9999999999961258	0.0028148286799321754	8.5465552485904e-06	0.9999706234025588	1.3977224250751008e-12	3.771011703669286e-13
0.0	1.0	0.0	0.046976937064833066	0.630610356831703	0.1617197084179553	0.10148497415886759	0.8644251981541871	0.38047410202795895	0.02535051736436208	0.3019635247891612	0.0604344758342371
1.0	0.0	0.0	0.9920740837345562	0.02923732413869082	0.004548833215531181	0.999924919025913	0.12554433338361998	0.0016104578403033116	0.9865690198436501	0.0009677215887503595	3.9035135242746465e-06
1.0	0.0	0.0	0.997827333044175	0.0026056184365211947	0.001729528369390344	0.9999999996078448	0.014710462598131495	3.945176734705929e-05	0.9998081015350432	1.0470531090018152e-10	1.0248666585703597e-10
1.0	0.0	0.0	0.9988223730316758	0.0017214510725665456	0.0011590605861731972	0.9999999999926912	0.0031438665109932446	6.5132733072176805e-06	0.9999772898060564	2.3340929141700634e-12	7.121787964649559e-13
1.0	0.0	0.0	0.9991264437566235	0.0015225897183915795	0.0009766589896577033	0.9999999999971245	0.0019101892895128513	3.4115358255309356e-06	0.9999896084326818	1.2365304352618763e-12	2.8282905176279345e-13
1.0	0.0	0.0	0.8965140101447734	0.03523575248857346	0.014330707510870852	0.9431408026192841	0.1740242467767647	0.033649505839835	0.8416041804291774	0.002445861519358875	0.00156372917473487
1.0	0.0	0.0	0.9971667604018782	0.00273606737320182	0.0021405355375928663	0.9999999936362954	0.018434181810058844	0.00011857287817888138	0.9995542657201675	1.8061268353493112e-09	6.126340884823526e-09
1.0	0.0	0.0	0.9987018761488928	0.0017828973189894914	0.0012175840418997923	0.9999999999668651	0.0036104905728365486	8.934833168692488e-06	0.9999714532168512	8.819733139695521e-12	4.40535674260852e-12
1.0	0.0	0.0	0.9990953370315558	0.0015611267917252359	0.0009665429688962197	0.9999999999958352	0.002078111412065132	3.5985744951016512e-06	0.9999891498199047	1.4918161166978212e-12	3.6858791521114853e-13
1.0	0.0	0.0	0.9992571004177041	0.0014714325193423065	0.0008626925560121286	0.9999999999973633	0.0017427931119678092	2.6315110592042778e-06	0.9999925337412974	1.1704755060302015e-12	2.6195809363485224e-13
1.0	0.0	0.0	0.9950015729844416	0.002949381876443066	0.003698402575181308	0.9999881703562394	0.024945951780080054	0.002596678446167248	0.9966122102080407	2.090244110479776e-09	1.0150591400564653e-05
1.0	0.0	0.0	0.9984371660902738	0.0019022493931959321	0.0014142977952880745	0.9999999994405915	0.005544836866032217	3.552130587892631e-05	0.9999318770060679	9.819197645526482e-11	1.6799069347722183e-10
1.0	0.0	0.0	0.9990197674778851	0.001630448635636366	0.0010144180796290995	0.9999999999909858	0.00256207310131683	5.595327383166387e-06	0.9999852207879293	2.556877508177022e-12	8.010789429661732e-13
1.0	0.0	0.0	0.9992275720774517	0.0015096926084088448	0.0008687085535350562	0.9999999999968237	0.0019298452443116073	2.94148570374872e-06	0.9999919222133077	1.2528811824311233e-12	2.8817060306223617e-13
1.0	0.0	0.0	0.9993323292470853	0.0014474915039752552	0.0007965859830072397	0.9999999999974705	0.001733058378553871	2.3313316911129843e-06	0.9999936783864735	1.1476018832502285e-12	2.5466474253848853e-13
0.0	0.0	1.0	0.0006319727163378682	0.0025532394669010618	0.9997835041496203	1.3094431954976962e-07	0.008405793485891466	0.9999999999999787	4.734899285695018e-16	4.763725042123869e-07	0.9999951640373077
0.0	0.0	1.0	0.0006922489943629622	0.004390555949755103	0.9995260160501722	3.7481549539901854e-05	0.03309715864202489	0.9999999999649903	1.8146993193540955e-13	6.105591399072014e-06	0.9989443437261666
0.0	0.0	1.0	0.0018042976488801558	0.02845624464939541	0.9847769557628775	0.009680511943211807	0.12006217158482059	0.999403722712664	1.8609613876472525e-07	0.0006955497586670643	0.8950137021418808
0.0	1.0	0.0	0.03942259451173464	0.06601945662702847	0.09598993244543255	0.1928127709622065	0.2313261635205187	0.329031373419295	0.000747984247763938	3.592369225368507e-05	0.012113125755784892
1.0	0.0	0.0	0.9521835639579651	0.007048862390842913	0.009838228592837936	0.9861970610875644	0.04226765170209131	0.04081736939119209	0.8051720472791949	2.5449784748779686e-11	5.633834622747954e-06
0.0	0.0	1.0	0.0007324106678627706	0.005899822623976196	0.9992561513951376	5.662106736049514e-05	0.03765558609472514	0.9999998606487996	1.2106852654769112e-08	0.0003057589867006849	0.9981707928398765
0.0	1.0	0.0	0.05486866672312863	0.14559319185509387	0.31314127853629886	0.11421004049525517	0.2901463110691586	0.5097836860368508	0.029336517343735588	0.0779870499270683	0.16792652839330494
1.0	0.0	0.0	0.9739771767432321	0.25061457271422816	0.010422725262612788	0.9986980553927047	0.5014836298919214	0.011076692975085699	0.8716211456657813	0.0873709963076458	8.347859933578292e-07
1.0	0.0	0.0	0.9947766332111064	0.018134891517704987	0.0032062941047036678	0.9999999884313454	0.08773052537705711	0.0006977723963771038	0.9945858180199433	5.8172571276248486e-08	4.6993388418894875e-11
1.0	0.0	0.0	0.9980144541241016	0.0020751236892582185	0.0016415902555464033	0.99999999999482	0.009288079450093608	4.6960958420624817e-05	0.9997977477798722	1.3178215859355293e-12	4.2466421161012616e-13
0.0	0.0	1.0	0.001550870076592115	0.04388351851244338	0.9859835966637615	0.003254279946941006	0.09026929690915916	0.9985835155261585	1.5184159852512343e-05	0.023125740972068896	0.9262698664505196
1.0	0.0	0.0	0.9462553263595123	0.47785398808143564	0.013015627243833197	0.994355016187928	0.649052347028237	0.024236080531925698	0.7570022251207732	0.3045054271588677	3.44471256513696e-05
1.0	0.0	0.0	0.9948370815872498	0.020766323927638893	0.0032518146750160973	0.9999998823505732	0.09982511028630857	0.0003838075054259144	0.9968898665577157	1.3169763030527707e-06	4.0939267147035466e-10
1.0	0.0	0.0	0.9980881694961916	0.0023096938623413904	0.001553911526229869	0.9999999999948679	0.010820185826510367	2.089644398574339e-05	0.9999059651351747	1.9720870088299396e-12	4.243058741782236e-13
1.0	0.0	0.0	0.9988341310647834	0.0016185512987921368	0.0011473541201160026	0.9999999999973606	0.002566888659257436	4.845186548742025e-06	0.999984335970079	1.1717509319368786e-12	2.6429437256708413e-13
0.0	1.0	0.0	0.04719910979681222	0.3744530232153291	0.17703905426484262	0.15060400631634902	0.5736268803441585	0.6301109907168726	0.00811419855545931	0.14132054641093109	0.0728648317313856
1.0	0.0	0.0	0.991826089060943	0.022776099504884274	0.004806806484265252	0.9999934013007834	0.10336395106290416	0.0019597730442793945	0.9881495865553153	7.46106042223674e-05	3.02141746183714e-08
1.0	0.0	0.0	0.9977329894192905	0.0023728159978807367	0.001747598430233555	0.9999999999879722	0.0117083311970293	3.0660159178135335e-05	0.9998774603315641	3.813992178860509e-12	9.748293461588972e-13
1.0	0.0	0.0	0.9987577694999168	0.0016648183511201117	0.001162488661825669	0.9999999999968838	0.0027485247696746777	5.016971065979487e-06	0.9999842712991968	1.2592932988269443e-12	2.911064942866526e-13
1.0	0.0	0.0	0.9990773149577301	0.0014953705743304554	0.0009715247402989045	0.9999999999974728	0.0017694631252737753	2.8154000326980486e-06	0.9999918013979645	1.1471746509173899e-12	2.549773763957139e-13
1.0	0.0	0.0	0.8136081443754394	0.026262789350563594	0.01791056752967583	0.9671094978288122	0.13948164744318087	0.0759623907495219	0.6584612533358476	0.0004372264860539179	0.0009991305578354703
1.0	0.0	0.0	0.9968402347262056	0.002502599248841305	0.0023356311177600464	0.9999999999138153	0.015643547926512267	0.0001533675593527439	0.9995783481685342	1.780246660578483e-11	9.88269707822162e-12
1.0	0.0	0.0	0.9985807087470981	0.001725613707017794	0.0012761283254830553	0.9999999999950605	0.0033421080584609968	8.675477553792205e-06	0.9999766581126028	1.5674005843593611e-12	3.960035405050255e-13
1.0	0.0	0.0	0.9990174462962322	0.0015324703086350702	0.0009962636938621672	0.9999999999972792	0.0019516882627781467	3.2567056825809157e-06	0.9999910013389695	1.1761265367351097e-12	2.636104522417544e-13
1.0	0.0	0.0	0.9991999902487936	0.0014500358642151638	0.0008775416031457622	0.9999999999975169	0.0016644234921747254	2.4071796504857045e-06	0.999993360933922	1.1390625007735256e-12	2.516617768092219e-13
0.0	0.0	1.0	0.0005999057981258583	0.0022231413180025736	0.9998508961717368	1.7405508098623688e-08	0.004451790059890175	1.0	2.0057475613752386e-19	2.5586347613878962e-08	0.9999993772180898
0.0	0.0	1.0	0.0006232757049095928	0.0023793987980381226	0.9997742131696743	6.251901077525674e-07	0.006445154035140348	0.9999999999999878	6.768678140521661e-17	4.856783377230316e-08	0.9999767062718965
0.0	0.0	1.0	0.0007144211771939508	0.005243499415180662	0.9991415776975763	0.0003138872734302137	0.04551769351808095	0.9999999987617663	9.26249432982378e-13	1.5845793447594883e-08	0.9947721899691957
0.0	0.0	1.0	0.0030331899089382592	0.021828527940156345	0.9544387989875414	0.017538922162714136	0.09966027516854278	0.987847871764022	5.677788961885869e-07	3.925071902403608e-07	0.8051815587337332
0.0	1.0	0.0	0.02843105939219716	0.03888262193323964	0.22019860807265593	0.1422971527668642	0.14260058832225306	0.5046531899585358	8.299293766820107e-06	5.749971972260387e-07	0.12329831651891611
0.0	0.0	1.0	0.0006452728648570087	0.0031457670781634087	0.9996782811105108	1.6949224609677462e-06	0.013369919172003926	0.9999999992478686	2.557679455007459e-10	2.7569147348865297e-05	0.9999443430618568
0.0	0.0	1.0	0.0008074096071362753	0.004662961932651974	0.9981269740792901	0.00034319953106432086	0.030747199459238032	0.9998851534087341	9.266409596915635e-06	0.0001072512753889163	0.9909612949662415
1.0	0.0	0.0	0.7769497017880294	0.03948812953057748	0.04458691912357261	0.9912109248096195	0.11898983622028617	0.23815597194673982	0.167415231727694	0.001410474940023432	2.1591284595902424e-05
1.0	0.0	0.0	0.9750902029530104	0.12569149124519977	0.009906275660529117	0.9999452021631576	0.404719012868923	0.01445063924606461	0.8683638788790076	0.0013121745163931914	1.0185327582572056e-08
1.0	0.0	0.0	0.9945999510307687	0.014189724417232444	0.0031232533077473496	0.9999999852659999	0.06821249797647402	0.0012993403986312003	0.9915817584198664	1.348175015334919e-08	4.238130351668895e-11
0.0	0.0	1.0	0.0007934549190211858	0.005228445450962004	0.9986333014244133	0.00020233429487994057	0.03818252221947645	0.9999999556629774	4.339612103368722e-09	5.283806090643925e-05	0.9949643435037819
1.0	0.0	0.0	0.6446501486145884	0.035643818402169285	0.052826883178682234	0.8262999414928588	0.08976088653703325	0.37893192001484	0.08588589520002916	0.009278264824712161	0.0009553843407754082
1.0	0.0	0.0	0.9846610779844731	0.15825690077524637	0.007958298343606505	0.9999689009927407	0.4477358306161417	0.0037345463335714266	0.9579456697426684	0.004214981938988333	7.087566701332444e-09
1.0	0.0	0.0	0.9959494938769348	0.020079946381411033	0.0025974703468263118	0.9999999904392913	0.09263719614678184	0.0002034235317583134	0.9985004315434717	1.270351870349089e-07	2.3899986774983763e-11
1.0	0.0	0.0	0.9982344690762198	0.002118112131388584	0.0014640719601545559	0.9999999999967624	0.008751657571416332	1.6645519155092916e-05	0.9999288941176243	1.4649220409204818e-12	2.9322529896803187e-13
0.0	0.0	1.0	0.0014935344274314777	0.015345940279158428	0.9884187173303002	0.002446083892825532	0.061311908776211566	0.9973381837685737	1.5535473195621128e-05	0.0021357604170735137	0.9557166098278667
1.0	0.0	0.0	0.9587332147317603	0.15816388960849345	0.01548796052984596	0.9996797318545692	0.3657321436547771	0.04672563744253112	0.6705794872326248	0.01562795433982043	8.285174376448853e-08
1.0	0.0	0.0	0.9948001033190724	0.020183686841668328	0.0032399536740711095	0.9999999589429813	0.08692042068936551	0.0003317238796203078	0.9977742338939305	8.260111096383899e-07	5.861988654040357e-11
1.0	0.0	0.0	0.9980412314171866	0.002189417308272899	0.0015413854589342582	0.999999999996307	0.00895054574106931	1.5672687845576197e-05	0.9999352791170082	1.6642786802570275e-12	3.1021716435473027e-13
1.0	0.0	0.0	0.998784928921909	0.0015849431993579083	0.0011392988633450228	0.9999999999975075	0.0023501433548155115	3.875127317468395e-06	0.9999878028293443	1.1419773520879202e-12	2.535623367901995e-13
0.0	1.0	0.0	0.044934578825964126	0.09671037254734555	0.1475822081624221	0.09882279669517789	0.31751405404462774	0.805578970203727	0.019503875180652604	0.008289721066254571	0.015129335727008343
1.0	0.0	0.0	0.9901788132767658	0.023145695237404725	0.005602558191395774	0.9999995847078811	0.11505694982826067	0.0036740819665348604	0.9829489054216187	6.240848762154115e-06	3.7824329181691825e-10
1.0	0.0	0.0	0.9975408128249349	0.0022345988273019947	0.0018464956256870136	0.9999999999948346	0.01017605334991301	3.189850533401304e-05	0.9998873778311033	2.0551123183121186e-12	3.7044942768592075e-13
1.0	0.0	0.0	0.9986590825087461	0.0016208942685957627	0.0012031478492715811	0.9999999999974208	0.002542054095867027	4.658183918739741e-06	0.9999862536635545	1.1541014132246655e-12	2.5786586742686754e-13
1.0	0.0	0.0	0.9990069520815934	0.0014699695879826938	0.0009937305972412974	0.9999999999975339	0.0016927141254906247	2.6374316012911575e-06	0.9999925269117306	1.1360087493265728e-12	2.509514061457322e-13
0.0	0.0	1.0	0.0010033064176457533	0.07253304052160373	0.9961960465565086	0.0005234464558153722	0.15725010918592855	0.9999280238445598	5.8585911713664906e-09	0.006442369689661898	0.9762702310009226
0.0	1.0	0.0	0.05793358098851172	0.813187364437343	0.06351028006290957	0.1448536231583807	0.947766769433873	0.42893914423365026	0.01848751646675311	0.35316537540571064	0.005190570459911747
1.0	0.0	0.0	0.9703225157850104	0.026411133179288195	0.009261008949470285	0.9997116984867211	0.09566205572007679	0.02851463920510376	0.7525429812469835	2.950938812454832e-05	4.765520348719548e-06
1.0	0.0	0.0	0.995941638563875	0.002784744385811621	0.0027193407054303263	0.999996555420367	0.014656235855362425	0.0014956484953452813	0.990696214303781	3.4803236627592763e-08	5.354738255055138e-07
1.0	0.0	0.0	0.9982722191953656	0.001784735035809165	0.0016332503234155885	0.9999971394833791	0.0034537175154089753	0.0002878541795711786	0.9990365569815022	2.190704604441336e-08	4.949952542444031e-07
0.0	1.0	0.0	0.04461860350757501	0.7847766086810547	0.08515223484821637	0.1086378582219483	0.8839449945190659	0.40573081728588273	0.0025469514796967237	0.396192645019005	0.01774342317726507
1.0	0.0	0.0	0.987739210336657	0.0443676500540402	0.005351554549380382	0.999995699531405	0.13329032682044317	0.00454811062262572	0.9439672772571203	0.0007870904070324547	1.0540421458579775e-07
1.0	0.0	0.0	0.9977603349933467	0.0036523503476922213	0.00184632397541761	0.9999999838248474	0.023372873870229856	0.00037133001411384975	0.9986691493289687	2.6864212391159165e-07	5.880571897859818e-09
1.0	0.0	0.0	0.9988798959973701	0.0021242646672624704	0.0012111860729226622	0.9999999834681849	0.0054522559901220465	0.0001435967954743412	0.9998146247297969	1.814850301069431e-07	7.2433034215862656e-09
1.0	0.0	0.0	0.9991758191244206	0.001761194882696075	0.0010281229732329198	0.9999999893429823	0.003238996745280185	7.72916056403149e-05	0.9999292832612732	8.822006989517264e-08	4.36499930355771e-09
1.0	0.0	0.0	0.9376465504756537	0.04189118064592331	0.012559883708656417	0.9919691812322606	0.15313283656803336	0.04041255969505649	0.7487677171246939	0.00037917745602631504	7.742844802424537e-05
1.0	0.0	0.0	0.9974951797189858	0.003974272621171923	0.0019620982773452173	0.9999999850853981	0.02846674151197905	0.0006403953857937082	0.9982275645628074	3.246664532926021e-07	4.713218306592302e-09
1.0	0.0	0.0	0.9989076569769009	0.0022792447000616854	0.0011453656106625483	0.9999999877885382	0.0063631032577070815	0.00017171049904073448	0.9997705312402397	2.3109022982488303e-07	4.8192153805811e-09
1.0	0.0	0.0	0.9992248142396116	0.0018681091899327795	0.0009401780010416212	0.9999999874823732	0.003697124914401259	8.838572797624075e-05	0.9999099598966413	1.6035046025274873e-07	5.4341111538360426e-09
1.0	0.0	0.0	0.9993450229088042	0.0016824598827671043	0.0008626167139571412	0.9999999967064229	0.002857209608796255	4.194893644058709e-05	0.9999619291759867	3.598779435714993e-08	1.1060485794781551e-09
1.0	0.0	0.0	0.9942872831407283	0.004338735776186889	0.00483421954818021	0.9999720531688494	0.039670086103002405	0.01643453816215153	0.9847942705555629	2.5716359279517854e-08	5.645919258285717e-06
1.0	0.0	0.0	0.9987534890112136	0.00245903578516083	0.0012458700548322208	0.9999999877828865	0.00868474107697276	0.0004638825016684383	0.999458384995477	2.604367767046274e-07	4.286278126157905e-09
1.0	0.0	0.0	0.9992060469193363	0.001963823936020815	0.0009258121308108571	0.999999989707491	0.0043437897153440555	0.00012165594757264531	0.9998654136669213	2.1887159474509567e-07	4.202095228854878e-09
1.0	0.0	0.0	0.9993522190228058	0.0017430758033888723	0.0008206484057447138	0.9999999922516891	0.00317437560744584	5.081411662799481e-05	0.9999484463576088	1.146538464925895e-07	3.2148489221553288e-09
1.0	0.0	0.0	0.9994201155078233	0.0016118660972614745	0.0007741615322984461	0.999999999533645	0.0025824223161704813	1.960817435385403e-05	0.9999803556518727	5.769343963929723e-09	9.443784345685642e-11
1.0	0.0	0.0	0.9957728332633288	0.00287549961992055	0.006861603035730457	0.9999340079400092	0.01593246920230318	0.03322901109601793	0.9876443533074375	1.3432593736245936e-08	1.463967835412366e-05
1.0	0.0	0.0	0.9991110691217205	0.002183089301155287	0.0010228360785974723	0.9999999885744658	0.006716772211505854	0.0006280535961260983	0.9995217842175665	2.4382324806157437e-07	4.165456246028209e-09
1.0	0.0	0.0	0.9993336648217832	0.0018444250296552748	0.000823213741940248	0.9999999921699217	0.0038872676310815722	8.031266526621816e-05	0.9999173720132523	1.9676680608786912e-07	3.2368728684140933e-09
1.0	0.0	0.0	0.9994188562077757	0.001667788276595402	0.000755406018652945	0.9999999971597175	0.0028931813212786403	2.362980072461989e-05	0.9999747068540121	5.0635107000426376e-08	9.688037837842172e-10
1.0	0.0	0.0	0.9994632060404142	0.001561309305851121	0.0007220708048450903	0.9999999999699541	0.002397334512873492	8.089477054690252e-06	0.9999883610295754	4.377669321730397e-10	2.7810998413260947e-12
0.0	0.0	1.0	0.0007346365183681353	0.0044698880882953025	0.9996270156876024	1.0326650221216342e-06	0.02634719970324663	0.9999999999998452	7.621388683014482e-16	1.0566959898630304e-06	0.9999613553550019
0.0	0.0	1.0	0.001027128847469134	0.03935397656227993	0.9976657708769766	0.0006510074471849565	0.1634640612334901	0.9999997171918538	1.0334622540994298e-10	0.0006461581524711484	0.9842400617709479
0.0	0.0	1.0	0.006292339288198602	0.317242370376075	0.9336465245794803	0.03903990091563876	0.5203210701841684	0.9937195524576464	1.4591575455486683e-06	0.15645763493821543	0.6846572297834083
0.0	1.0	0.0	0.22400765434184994	0.013814331527770337	0.21870805735380597	0.5354650040366838	0.07452081844720516	0.3410094768194654	0.08355074335042217	1.546366024550519e-07	0.09889558572383142
1.0	0.0	0.0	0.9746621256223328	0.0021929081440689555	0.01171744390106986	0.9976365421141843	0.008241155551555742	0.016945505686169877	0.9297276740181185	1.6713516781438854e-10	0.003995496139001687
0.0	0.0	1.0	0.0010970355362314016	0.043520203905213085	0.9962111121223117	0.0006869364671368202	0.15364554156271465	0.9999973749737817	5.510680800334712e-09	0.0012240334444551023	0.9779210808877639
0.0	1.0	0.0	0.20024844832350683	0.7730722099356468	0.05134335145609453	0.2697466559720865	0.9236023320368162	0.11292529951509495	0.14588228807989267	0.4056629446347065	0.007507881969112593
1.0	0.0	0.0	0.9870990720368228	0.029668948911609858	0.004707890544066981	0.9999568137596562	0.1399440206248575	0.005860666689758688	0.9497081665782138	6.564178315435795e-05	5.837166799775821e-06
1.0	0.0	0.0	0.9979083636058345	0.0029734340402507156	0.0017529419579221373	0.9999998410436873	0.01648958732569262	0.0006308627020227582	0.9989322518700938	2.6454031140933008e-08	2.3677106265902492e-07
1.0	0.0	0.0	0.9988622452921351	0.0018629229773091253	0.0012206930391417531	0.9999999677053265	0.00390900454306044	0.0002071082323665127	0.9998545055764544	5.975338253910787e-09	3.4598469546053094e-08
0.0	0.0	1.0	0.005427116991037648	0.3779024598290466	0.9180877316726896	0.03247284401031354	0.5892976461582802	0.9873557924880227	1.3232369150507305e-05	0.18522602038892994	0.6965690717615497
1.0	0.0	0.0	0.9826240851492855	0.03259833110733252	0.005665884824933906	0.9998381914893525	0.14654213625700693	0.009165156068731013	0.9253256628992499	0.0002834275898211391	1.3144313336951925e-05
1.0	0.0	0.0	0.9979811701569767	0.0033075982458968542	0.0016718106797565973	0.9999998520659132	0.019470915566301494	0.00059061789443662	0.9990063409660269	3.4623285196921733e-08	2.3350832188042908e-07
1.0	0.0	0.0	0.9989513783050284	0.002028548139901722	0.0011110081910013791	0.9999999193179991	0.004636722418913134	0.0001865619993699493	0.9998550662144314	1.8055379424260582e-08	1.1857180689037492e-07
1.0	0.0	0.0	0.9992151235261055	0.0017123921471931599	0.0009445878547264307	0.999999995954757	0.00276670767699918	6.0159737988980186e-05	0.9999612360694615	1.1118493867232371e-09	2.5056123665989042e-09
0.0	1.0	0.0	0.1596646969499389	0.03257863964981303	0.2956701957699942	0.47628872721827265	0.1670670411310337	0.4276639303470997	0.08232674776454449	4.2483079415500624e-05	0.14693646234570637
1.0	0.0	0.0	0.9972926989678428	0.0034926304896552383	0.0021228756532355605	0.9999997325558646	0.02402188889552008	0.0017491899585788504	0.9974406533576777	3.225761472465149e-08	4.0752557106000977e-07
1.0	0.0	0.0	0.9988775029770144	0.0021277656714629683	0.0011307181663352906	0.9999998840654514	0.005362756929271459	0.00023167679247704985	0.9997998352080428	2.6025212851800493e-08	1.8680370031754284e-07
1.0	0.0	0.0	0.9992107457435501	0.0017730900838505584	0.000908860520054605	0.9999999655589624	0.003051029557225889	6.478939342977017e-05	0.9999491915751788	7.983246894885566e-09	3.959775011672134e-08
1.0	0.0	0.0	0.9993381712433255	0.0016162427421964858	0.0008255108408616209	0.9999999997006241	0.0023782889987695685	1.5791403111576436e-05	0.9999834358597056	8.898678645200346e-11	8.377191784624489e-11
1.0	0.0	0.0	0.9587316620859238	0.003780119875460833	0.06840063587103301	0.9883673056801244	0.03145029010230266	0.18280545332803266	0.9193899492970816	7.478761825312676e-10	0.008249307438262495
1.0	0.0	0.0	0.9986164525954552	0.0023162484454807663	0.0014011447117820367	0.9999997507757175	0.008105265745281772	0.0014546107700338358	0.9992201403739427	2.3118500983785367e-08	4.058486002024384e-07
1.0	0.0	0.0	0.9991608068500091	0.0018695580612596223	0.0009322550297223598	0.9999999133813662	0.00375992803928106	9.349794966478579e-05	0.9999219981483841	1.937216810206609e-08	1.2818229267813474e-07
1.0	0.0	0.0	0.9993254116713467	0.001667672694199923	0.0008132556986627125	0.9999999947719743	0.0026530657220299545	1.8255415182775703e-05	0.9999814559541338	1.4833992010846253e-09	4.086956041779274e-09
1.0	0.0	0.0	0.9994027841597665	0.001558822594960548	0.0007595722722832587	0.9999999999691962	0.0022043060836303883	4.946247174320826e-06	0.9999889194349183	1.0034134532791912e-11	3.88240678604024e-12
0.0	0.0	1.0	0.0006540981830761694	0.002642694959557105	0.9997838015863177	3.2062961633740355e-08	0.008574429316167876	1.0	1.6364244066568683e-20	1.333665663063073e-08	0.9999986290415207
0.0	0.0	1.0	0.0007194535376606437	0.0047244632101799515	0.9995904754214879	5.068765909971311e-06	0.03322828529398093	0.9999999999999531	1.4149493612474267e-16	5.464889224515104e-07	0.9998216802337506
0.0	0.0	1.0	0.001114540418112576	0.03735287638383609	0.997407499227408	0.001228757168050652	0.1678633980085698	0.9999999969311101	1.0487133168003056e-12	0.00027975081703342485	0.9771463607170718
0.0	0.0	1.0	0.004786408583140435	0.14273449717253472	0.9804417424764953	0.0230850215010622	0.3614470600367867	0.9999851971799997	1.0104926644749507e-09	0.011988783125348807	0.8072136147968323
0.0	0.0	1.0	0.040453579996910884	0.008226826492892877	0.8090929624158738	0.3116748065894983	0.04843364788752685	0.9387216188875945	0.00019513356958079613	1.8168412587724823e-09	0.3164589508230206
0.0	0.0	1.0	0.0007444073366724224	0.006082278541122541	0.9994189730603646	7.2085073085655626e-06	0.039292116031070495	0.9999999999105141	7.940100064699328e-12	2.0634293424364378e-05	0.9997092583309408
0.0	0.0	1.0	0.0015986722716486385	0.09318341925247317	0.9859347249525353	0.004794476140426313	0.1842726122221403	0.9985445784287239	3.28557778695359e-05	0.04457605486099255	0.9115172275032621
0.0	1.0	0.0	0.22937693504615883	0.7638560550386821	0.05015287962354238	0.33829581800317116	0.9380178054781382	0.11865367895868276	0.14165786045677436	0.35866086792419505	0.007550070806274106
1.0	0.0	0.0	0.987010412025475	0.02359701230489465	0.004420061629351113	0.9999486823631212	0.11131111868864887	0.006377649928569568	0.9422796256616337	2.1408895432262537e-05	6.735687408108515e-06
1.0	0.0	0.0	0.9978866147312272	0.00240604805504749	0.001711778582658428	0.9999999870122239	0.010469897808575926	0.00034863771775901575	0.9989723320905235	8.467589808329922e-10	7.681113060903704e-09
0.0	0.0	1.0	0.00112067931043001	0.02989841282245132	0.9971302674677046	0.0005802643782709176	0.12149864348109018	0.9999999234276395	3.180099419105451e-10	0.0003849573798630723	0.9838017945938828
0.0	1.0	0.0	0.1775856315650425	0.7440123536813835	0.06662762446421897	0.2916104856607969	0.9231422495658662	0.15494896141603645	0.10974599145662092	0.36267312056041145	0.011799540076729701
1.0	0.0	0.0	0.9915389650351548	0.029489095368011083	0.0035736418599522706	0.9999150650808498	0.13229025314825868	0.0030367517695081897	0.9722569359500411	0.00019685022199814463	8.912014913510712e-06
1.0	0.0	0.0	0.9982662688307768	0.002814795230667107	0.0014714062275687605	0.9999999535107301	0.013678535114271194	0.00017215162912848623	0.9996603604140487	8.602524626619542e-09	5.72196250289499e-08
1.0	0.0	0.0	0.9989694707301426	0.0018407863036223248	0.0010868248768034375	0.9999999996470372	0.0034061165308217007	2.962117879571219e-05	0.9999575643666448	8.613729643529387e-11	1.1019600730722316e-10
0.0	0.0	1.0	0.0031598175659778255	0.25061772444217	0.982904921913191	0.011861724025328363	0.5102318098674765	0.9994693190925619	7.177429109651175e-07	0.07973612178874709	0.8510292846083823
1.0	0.0	0.0	0.9784103676694763	0.031087101778271488	0.0064698848292368575	0.9993295313452756	0.12508537851404097	0.012046704711916973	0.9073633746632558	0.0007889434510658953	4.0892253943902e-05
1.0	0.0	0.0	0.9979995811211935	0.0029281374994457594	0.0015968310863563287	0.9999998786263744	0.014956033771884694	0.0002079819590312347	0.9995780856061468	2.1248736811842595e-08	1.8874820357865327e-07
1.0	0.0	0.0	0.9989370552763609	0.0019172014943562613	0.0010659540222244534	0.9999999927898054	0.0037198108649930815	2.8508154935385477e-05	0.9999590135318673	1.4128661012457198e-09	5.435971417720938e-09
1.0	0.0	0.0	0.9992010615242325	0.0016527699483522187	0.0009091642317134866	0.9999999999641873	0.0023043924061038126	7.160373908070588e-06	0.9999833721111397	9.445984358640548e-12	5.054963218912007e-12
0.0	0.0	1.0	0.044373171561817984	0.029145850499290683	0.8080294123100698	0.34263792590169845	0.15444022686620032	0.9237747810973652	0.0018705401304562699	4.974034466798058e-05	0.33355387425381894
1.0	0.0	0.0	0.997054221402934	0.003067410727918398	0.0022545772506329543	0.9999995202344902	0.01935307154673926	0.0016520365869240408	0.9981409965490659	2.1576576370742356e-08	7.644753359103084e-07
1.0	0.0	0.0	0.9988029996070178	0.002005158305077423	0.001140995646816166	0.9999999551308139	0.004510177562629392	4.35031663819049e-05	0.9999410730278888	8.340619103445928e-09	6.556056872663412e-08
1.0	0.0	0.0	0.9991645271251993	0.001703626814951296	0.0009100077766265102	0.9999999994598017	0.0025567473436262293	8.069016680842468e-06	0.9999817123341509	1.170625356918934e-10	1.7431122920429316e-10
1.0	0.0	0.0	0.9993071416767727	0.001569677547073042	0.0008187278382003171	0.9999999999906911	0.002049425329461864	3.3788532966042347e-06	0.9999893637158793	2.636505943947643e-12	8.54272574215494e-13
0.0	0.0	1.0	0.0006116683391640565	0.00232243017326472	0.9998538462919263	5.9859932263762115e-09	0.005275643290114614	1.0	8.189131881915214e-23	1.878014914043037e-09	0.9999997395445818
0.0	0.0	1.0	0.0006385736461274463	0.0025869524083358794	0.999782820251025	1.2604625493053466e-07	0.007500477402348974	0.9999999999999998	1.5013257627283298e-18	6.74668530082453e-08	0.9999938447164237
0.0	0.0	1.0	0.0007177884062607735	0.006384280828721082	0.9994764827121143	3.934284888956991e-05	0.056106312461672574	0.999999999999994	1.6455414595591273e-17	2.971372961845576e-07	0.9989539014474843
0.0	0.0	1.0	0.0012755319004611257	0.03944447021257898	0.9966136644969855	0.0022343554443010677	0.1537802236859727	0.999999998330364	8.599213551422826e-13	0.0002945787597025854	0.9708661550823127
0.0	0.0	1.0	0.0052334418524083385	0.08132533327743488	0.9817544406026893	0.021145134079255355	0.2533188313541029	0.9999504282958686	9.156754895986777e-10	0.00019778656542886186	0.8360251410311452
0.0	0.0	1.0	0.0006527766230715801	0.003286672783550741	0.9997055590204232	1.7960725842433228e-07	0.013994544156579702	0.9999999999998427	3.3844724198016235e-14	1.9593448106540574e-06	0.9999927653170126
0.0	0.0	1.0	0.0007396259217664842	0.005857401469994707	0.9993123853532571	2.0978186231884157e-05	0.03303698789457283	0.9999999641857535	4.571788398692502e-09	0.0002083361536965755	0.9991586700182642
0.0	0.0	1.0	0.0022533238005581794	0.13134081310887233	0.9799492078292916	0.01311690792531002	0.17909430999586184	0.9975811248497344	7.433516179479757e-05	0.10533349788362438	0.8600982361032831
0.0	1.0	0.0	0.16381462988639922	0.5286618240109366	0.053170788282838825	0.31062814792945204	0.6707137132627267	0.15539068254998853	0.10921171194342175	0.26889651318919006	0.013333458733773378
1.0	0.0	0.0	0.9881103361787401	0.013912543854061397	0.004506972017408882	0.9999971921072862	0.06965059444755085	0.0077554217962511295	0.9421295814479964	3.795705999020686e-08	4.7912230088006015e-08
0.0	0.0	1.0	0.0007703515712712706	0.006816646822153449	0.9991627629963931	2.893492329302588e-05	0.050279245877613156	0.9999999999929042	1.0072418213488521e-12	9.01113202943227e-06	0.9989349079983261
0.0	0.0	1.0	0.00229780350319857	0.09017500503260159	0.9728180304766361	0.010831609416682675	0.13449383362506784	0.9973155801362144	8.832332321672274e-05	0.060378742543163486	0.8129213659750525
1.0	0.0	0.0	0.6173488921267265	0.7474080334462928	0.014632410964840943	0.7313395455997229	0.9404927191802489	0.014598774982316341	0.5498228000169705	0.35311759472049326	0.0028116546505035033
1.0	0.0	0.0	0.9955967448091059	0.02191280189337631	0.002581797253385509	0.9999959463745596	0.10221543032620534	0.0005121384618291133	0.9947452814137097	1.0538514326728962e-05	2.0071912689241784e-07
1.0	0.0	0.0	0.9983974766808179	0.0024051063705361796	0.0013885844832939329	0.9999999999567366	0.009646676838205685	3.343310039134971e-05	0.999836208260032	1.1444993490389354e-11	6.069688574253881e-12
0.0	0.0	1.0	0.0011041646047569916	0.020573992202859864	0.99766585708742	0.00034299465837573674	0.08365650565543774	0.9999999966508356	2.5168677751129806e-11	0.00015341586136350324	0.9918911674875779
0.0	1.0	0.0	0.15462359533313794	0.6855800332776417	0.0723850504392169	0.23441605199509183	0.9100425757390572	0.1342337637106496	0.10681915810927436	0.2681834810942311	0.019663309657702754
1.0	0.0	0.0	0.9943805190468609	0.023644557613351908	0.003111858353959144	0.9999188317264603	0.09699081721548666	0.000697735320019501	0.9933845502675136	0.0003034233764712674	4.177176676351724e-06
1.0	0.0	0.0	0.9982941783953152	0.0025387232409524794	0.0014061190406101636	0.9999999993255564	0.01033621017355516	2.6318133644748176e-05	0.9998686139629207	1.544689324132978e-10	2.1624567145720502e-10
1.0	0.0	0.0	0.9989554644132745	0.001775624783807422	0.001051841123433517	0.9999999999905027	0.0028272279525248605	5.880638198229705e-06	0.9999790340788894	2.6969859172190224e-12	8.928182969282788e-13
0.0	0.0	1.0	0.002488453722412941	0.16681173605945063	0.9903687781888644	0.005212067571344622	0.3735122922420296	0.9999529245971395	7.666615244390085e-08	0.04238277319777041	0.9410334446942453
1.0	0.0	0.0	0.9796116553191185	0.026155702732926098	0.00660020638563157	0.9975103908087289	0.09800553389720959	0.00819346247033302	0.9445275801867576	0.001779043809476784	9.04004907443537e-05
1.0	0.0	0.0	0.9978613122311161	0.002590677452587766	0.0016502742478456353	0.9999999867851582	0.01150522861318128	5.3361111096950324e-05	0.9997759877744549	2.5201538520202607e-09	1.0154147387310404e-08
1.0	0.0	0.0	0.9988640993081286	0.0018284264014268676	0.0010835463217005778	0.999999999949702	0.003077446152683043	6.960644983108783e-06	0.9999765008790793	1.2498005899977071e-11	7.331234433074068e-12
1.0	0.0	0.0	0.9991526265483165	0.0016065731958504002	0.0009119514978886042	0.9999999999950493	0.0020053206841488514	3.4188160818346082e-06	0.9999894019074229	1.5803795044339305e-12	4.049524764016057e-13
0.0	0.0	1.0	0.0005866934980702494	0.002246515040894224	0.9998932098138639	2.8087899549383863e-09	0.004471711909785058	1.0	5.484927147299114e-24	6.833941015847244e-10	0.999999883795199
0.0	0.0	1.0	0.000599825174446822	0.002165006928449459	0.9998572043527746	1.877452823236318e-08	0.003402548024317189	1.0	4.120305831294156e-19	3.946305710401706e-08	0.9999989219757217
0.0	0.0	1.0	0.0006285708514365322	0.0029923327027508453	0.9997661890749358	1.1021332318605858e-06	0.01160502787359738	0.9999999999999998	1.2823473993985167e-18	5.331735711651982e-08	0.9999549017367454
0.0	0.0	1.0	0.0007454317018304234	0.008485930969706592	0.9991379483591805	0.0002828943023954152	0.07699992010947192	0.9999999999999549	1.4376468972016213e-16	2.1926834944392295e-07	0.9949922224596015
0.0	0.0	1.0	0.0016378934921724556	0.03580729992695957	0.9939938612360976	0.004828644459595692	0.13505045241668848	0.9999985514470395	3.226968756688617e-10	3.1502077385417617e-06	0.9537111721002081
0.0	0.0	1.0	0.0006101713717370803	0.0026384840631207994	0.9998089998266012	1.51553631341423e-08	0.0076384324110251225	1.0	3.55571435891702e-18	7.633183832380469e-08	0.999999453871645
0.0	0.0	1.0	0.0006407153118630676	0.0027700370930789906	0.9997017150014131	2.9907666897745504e-07	0.007612772702268305	0.9999999999909899	8.114323510887582e-13	6.271304017452201e-06	0.9999860547956935
0.0	0.0	1.0	0.000750892114889301	0.005636631281204608	0.9991068364933727	9.747214238359831e-05	0.04191464194687794	0.999999999473544	2.4705674227646636e-11	2.6504466673373104e-05	0.9971512651217571
0.0	0.0	1.0	0.0027193377679034067	0.04888578216055525	0.9771053028811578	0.017147719750282245	0.1413337083425384	0.9983155505038497	1.123771986989011e-05	0.003610873650524482	0.8491122594217034
0.0	1.0	0.0	0.1678132100180515	0.10775549040299123	0.04670117024911246	0.2512904423810276	0.34497461962517184	0.25589556334942853	0.09261549965538408	0.00021912613631808693	0.000653424692119896
0.0	0.0	1.0	0.0006659594064913798	0.004304978547849678	0.9995702231398345	2.5566442316675325e-06	0.02634778370675299	0.9999999999997661	9.712400864861558e-14	2.6538971210939344e-06	0.9999057135114162
0.0	0.0	1.0	0.0008020154203214246	0.006793163635909303	0.9985131460776869	0.00015868574844656708	0.03753492509928827	0.9999996565111927	1.1723738618666846e-07	0.0005244025386704835	0.9937731922454258
0.0	0.0	1.0	0.029507979369194866	0.15512771216859947	0.6929921490731533	0.09993122535493283	0.20240352510264079	0.8441535414353664	0.009921017390581174	0.10621853135004977	0.20684984454669275
1.0	0.0	0.0	0.9744774996740004	0.3450017477989875	0.0068624259885318424	0.9967016243622441	0.5517875782739438	0.00677177118676086	0.9170060148306369	0.10520104150916984	4.378997497820567e-06
1.0	0.0	0.0	0.9963817410090298	0.015827144396161733	0.0022662760844252834	0.9999999951817927	0.08134611315395983	0.00044712819039347316	0.9965736901031595	1.1958821000766215e-08	3.415565720896412e-11
0.0	0.0	1.0	0.0007899985277335947	0.00643157747074359	0.9990314271054909	4.550420351988171e-05	0.05090474103442131	0.9999999999994456	9.553172532666816e-14	3.545831423355602e-06	0.9986823335117951
0.0	0.0	1.0	0.002736058170134456	0.056753255014220474	0.9651130899024473	0.009291990130498702	0.08182886540174632	0.9980016688756995	8.80817189287759e-05	0.03967459737524334	0.7786005166346963
1.0	0.0	0.0	0.9124159888485288	0.5652812351326979	0.008902702265550027	0.9825915696732013	0.7260127812745525	0.00957162622833535	0.8592621225994176	0.2807024768515782	0.00020231091081800292
1.0	0.0	0.0	0.996282807509342	0.01703708586742401	0.002339729032795108	0.9999999316713339	0.08334811888582284	0.0002225051548824139	0.9982072258112658	3.1756440349557915e-07	4.62600482878654e-10
1.0	0.0	0.0	0.9984446030260651	0.0022906958626407186	0.0013218346687308797	0.9999999999941663	0.007830400116297839	1.5491159687219958e-05	0.9999325551582465	1.907111353068129e-12	4.684161064569306e-13
0.0	0.0	1.0	0.001075630625837696	0.012798755678696292	0.9979104069807527	0.0002545684426979461	0.06561289163406103	0.9999999996499112	4.831250328344576e-12	7.674004808556523e-05	0.9954421366390657
0.0	1.0	0.0	0.18850151775838672	0.5349845780017147	0.06685213454825266	0.460274142945515	0.7835933696247801	0.28788032178400014	0.10257712847189135	0.1686529931122826	0.020579810846006994
1.0	0.0	0.0	0.9944052301216765	0.01702358275003036	0.003276212117673552	0.9999960221128558	0.07456896167394773	0.0006720382502480492	0.9954406511535163	2.4987213320832315e-05	3.6419130488170345e-08
1.0	0.0	0.0	0.9981924787220048	0.0023351187699180475	0.0014396127557271489	0.9999999999857541	0.008037003909875414	1.8631232809246597e-05	0.9999235944747954	4.0541039238661225e-12	1.2444206657438587e-12
1.0	0.0	0.0	0.9988908714638607	0.0017180096282260302	0.0010629115358022148	0.9999999999965454	0.0024445503949073683	4.3744080552634875e-06	0.999986057660227	1.2838071550105003e-12	3.028189411111154e-13
0.0	0.0	1.0	0.0008039820165048414	0.0073884587056343275	0.9996093942404557	3.9854402437318763e-07	0.020655478099080766	0.999999999973499	3.532534572732205e-16	6.129607316066469e-05	0.9999818641244481
0.0	0.0	1.0	0.0011060321072492078	0.10605990121761957	0.9960326064689675	0.0003893228630684744	0.16735250547234884	0.9995198492527869	4.714809433674535e-10	0.030225987813322513	0.9861737881350326
0.0	1.0	0.0	0.012054415027697767	0.7956627901834974	0.11066770258395989	0.0631591946941206	0.9548953133362231	0.7851541436855121	4.5068113140351196e-05	0.24384272216964092	0.007625569059070575
1.0	0.0	0.0	0.9214204918102312	0.013017599842558849	0.027386445302499604	0.9838425042464722	0.07155015186462729	0.27876557923052103	0.445722503406848	7.568577020080507e-06	2.2701934958412665e-06
1.0	0.0	0.0	0.9865439377528147	0.002437958747588467	0.006140103189570392	0.9998594053186376	0.007114179550158045	0.02785789346135375	0.8808484895345846	8.364274309002e-08	5.681854566689669e-07
0.0	0.0	1.0	0.001336590667681136	0.19311091562577556	0.9628899177200075	0.00151789954809132	0.28474450343080776	0.9899169753881439	2.0449290880909917e-07	0.09849868863619098	0.9074768219904855
1.0	0.0	0.0	0.8823436387852066	0.882056912070471	0.02898278410699752	0.9984961471370151	0.9997143559177214	0.2378622611804409	0.17307141829688164	0.36731649482769974	2.191942998507955e-08
1.0	0.0	0.0	0.988417323577473	0.05975930735381007	0.004882735989535474	0.9999999998174087	0.11762713578780196	0.006835105888486595	0.921605658890182	0.019194526163487307	4.059518981886342e-13
1.0	0.0	0.0	0.9976108144653998	0.003761829601080905	0.0018479323338483663	0.9999999999956669	0.016668037386140633	0.00039902070067729097	0.9971163022404971	7.337556313341697e-05	5.908003178007662e-14
1.0	0.0	0.0	0.9987806274904506	0.002349287962625121	0.001274273292446488	0.9999999999944443	0.004865721448337085	9.926606187876449e-05	0.9995401927110991	4.967518603609613e-05	8.82248391365668e-14
0.0	1.0	0.0	0.01856512194946381	0.7907385722391042	0.09880748357630999	0.07051588611847527	0.9321940852936272	0.7266586632792702	0.00017357992930680096	0.2980517846112199	0.012386801191333329
1.0	0.0	0.0	0.9885044637242427	0.0886401078837069	0.004875997427599208	0.9999999993588409	0.1470013063700464	0.005715852513973019	0.9349996099096709	0.05216571895564168	8.803433454674192e-13
1.0	0.0	0.0	0.9980446648409108	0.0044413669646273446	0.0016107829077774316	0.9999999999988594	0.021603964578500084	0.000221237272441062	0.9987291934925582	0.00014525519394670896	1.5359102078242195e-14
1.0	0.0	0.0	0.9989874252581092	0.002690607467215989	0.0010995081522587914	0.9999999999985951	0.006322361986494226	8.912431382535615e-05	0.9997924739056294	9.964310040931336e-05	2.1733342539612398e-14
1.0	0.0	0.0	0.9992323588539704	0.002198270674146388	0.0009560363264189752	0.9999999999980693	0.004199163319229334	6.053948903524716e-05	0.9999032891880222	7.132803692866816e-05	3.4757300859967276e-14
1.0	0.0	0.0	0.924373190686961	0.033335321184797415	0.019584452871968014	0.9987031045257051	0.10499146133194409	0.11861707252123531	0.48789892820026565	0.0024045189012654794	5.024206793932312e-07
1.0	0.0	0.0	0.9974870205968767	0.00453564962571928	0.0018799142195960702	0.99999999999622	0.026346119614298096	0.0005519079924088787	0.997220795816549	0.00011380684179708056	4.136892506619435e-14
1.0	0.0	0.0	0.9989589591043755	0.002878059689992941	0.0010786577283171542	0.9999999999993247	0.007395952018823321	0.00012111422659959374	0.9997329537195742	0.0001560573758096652	9.46357370062093e-15
1.0	0.0	0.0	0.9992526686891459	0.002330690518100349	0.0008960177917349822	0.9999999999990998	0.004717750441190476	7.001668647115851e-05	0.9998996149841909	0.00011933172812123824	1.438773061384572e-14
1.0	0.0	0.0	0.9993611232357378	0.0020473094309118875	0.0008294009647109378	0.9999999999987874	0.0038148495761144026	4.92538427840495e-05	0.9999441569213626	8.257566489878362e-05	2.272871188195582e-14
1.0	0.0	0.0	0.9923417313023075	0.0043078107299525	0.005340698316100733	0.9999978868729364	0.03207783940814406	0.020434872996809225	0.9732245260437751	1.2234255243349315e-06	1.2661077369950816e-08
1.0	0.0	0.0	0.9987611368192864	0.002985780491453865	0.0012115980776247796	0.9999999999962474	0.010978804449323856	0.00045958549826691106	0.9992631551357842	9.272760699884761e-05	4.188233644110912e-14
1.0	0.0	0.0	0.9992218573849206	0.002499437609484312	0.0008968896294358519	0.9999999999995486	0.005811405628754302	0.00010884705141490373	0.9998323901083643	0.00018158133430324627	6.479518669540158e-15
1.0	0.0	0.0	0.9993605723150931	0.002163689791956056	0.0008004583039261874	0.9999999999994079	0.004294771374007591	6.0892846376184035e-05	0.9999254795269981	0.000138314035409953	9.772158551943185e-15
1.0	0.0	0.0	0.9994241312554292	0.0019290367064222465	0.0007576719109101217	0.9999999999992841	0.003500694182662303	3.989761871085882e-05	0.9999603475266957	8.826514628548052e-05	1.3169172270716147e-14
0.0	0.0	1.0	0.0007029272921596769	0.002789757076313124	0.9997651321051417	1.6382869962213824e-08	0.007962450840376617	1.0	2.6406570966260365e-23	5.1180033009510825e-09	0.9999992755070473
0.0	0.0	1.0	0.0007871400605859191	0.004895436619784019	0.9995755132807572	1.6846273668469456e-06	0.028283446601835727	0.9999999999999742	1.338523760077022e-17	6.993663416507107e-07	0.9999364234585655
0.0	0.0	1.0	0.0011580694180175486	0.033676251831122446	0.9981321106767329	0.00037882412271230493	0.1629429900552939	0.9999999999121009	3.8425553532889874e-15	2.858832221853815e-05	0.9923606400627638
0.0	0.0	1.0	0.003703080670196609	0.14769455968038755	0.9865943448013511	0.006545550008161497	0.37467384766965894	0.999991717922412	1.3469769132566845e-10	0.010724009478022215	0.9236166884294877
0.0	0.0	1.0	0.0298540718850517	0.007098755009043502	0.8949936685274212	0.16039778044473382	0.04973478777071626	0.9848305381652506	4.20685066638364e-05	1.5862751509928609e-09	0.5505634882249285
0.0	0.0	1.0	0.0008008735007960728	0.006292143918533003	0.9994417929569891	1.5055593313341132e-06	0.031325168703528396	0.9999999999972988	4.120706083055319e-14	1.0556488414559642e-05	0.9999099858797191
0.0	0.0	1.0	0.0013748629340389546	0.06128172385421686	0.9917792677498484	0.0011067850636458665	0.15619555425271694	0.9997916482075564	3.6663972604973493e-07	0.010323077081160141	0.949279829663011
0.0	1.0	0.0	0.14036282959821986	0.7634266341393048	0.05451730129256478	0.20362873965884645	0.9241871815838804	0.2558409898347204	0.0900009531070748	0.3362954403449988	0.006958849754735167
1.0	0.0	0.0	0.9814151247300884	0.018272455318146523	0.0059244021309798655	0.9999810032936538	0.09424822873839145	0.015717008855975174	0.8536062789945864	1.0147762151713293e-05	1.5368977945726183e-06
1.0	0.0	0.0	0.9971177775267202	0.0027227182262405023	0.002037588300235244	0.9999995115936566	0.011076447864730913	0.0009717166478257226	0.994190642380576	4.641125066742795e-08	2.1111803656724377e-07
0.0	0.0	1.0	0.0011913434473892579	0.027365162628739618	0.9973428179286437	0.00023554692633998784	0.1115414756445034	0.9999999982141211	1.8575712542681878e-12	0.00010542868606074048	0.9917621601943534
0.0	1.0	0.0	0.08806849277942781	0.7017291847690379	0.07059880459804321	0.19061799396734158	0.839577525197894	0.1596907828424688	0.02093452018585701	0.35880647484583716	0.025754062563979413
1.0	0.0	0.0	0.991411986354066	0.023363175003836088	0.003616321822408104	0.9999961991554964	0.12180256117657311	0.003605312388850532	0.9708456952826927	9.189024618608475e-05	2.823328106416971e-07
1.0	0.0	0.0	0.9982692791180778	0.0033924638570591407	0.0014920732111399944	0.9999999646965212	0.01690341031902506	0.0004057276721478903	0.999104941154189	1.2542892482728948e-07	2.2832120950537975e-08
1.0	0.0	0.0	0.9990014614775475	0.002146725087162693	0.001107696661482746	0.9999999643183938	0.0050094911783796926	0.00019711029889986874	0.9998327903637517	9.343907854721048e-08	2.5581802961562926e-08
0.0	0.0	1.0	0.0030394937460506487	0.16639647926252535	0.9851126692984458	0.005114694653252231	0.44963292785511855	0.9999919115528151	1.425410509019204e-09	0.008112220515649474	0.9144233119601027
1.0	0.0	0.0	0.9790489441938607	0.0219459408899083	0.006380481278442777	0.9998367666107465	0.11382065530807364	0.01202595702520229	0.9033383629368775	0.00015090998204551366	5.718920842346036e-06
1.0	0.0	0.0	0.9980942834973932	0.00359824559209146	0.0015561160293171674	0.9999999685177455	0.018854075157677737	0.0005322753594902503	0.9989102452514186	1.4719057168132426e-07	1.8419792977141362e-08
1.0	0.0	0.0	0.9990142901749167	0.0022774135171433514	0.0010551738175304337	0.9999999698445087	0.00563179514349347	0.00023070707504086116	0.9998010000410317	1.1160736874733705e-07	2.047242925295771e-08
1.0	0.0	0.0	0.9992512427528644	0.0019042324251764904	0.0009121430189510759	0.9999999696993254	0.0036650467457981692	0.00014470678199218217	0.9999134744328043	8.376163984028773e-08	2.178824930342874e-08
0.0	0.0	1.0	0.03856281771767986	0.020181607357800085	0.7866342132539018	0.20091597102527742	0.10622843905926171	0.8952845890890632	0.0012280124736928366	4.408326160451821e-06	0.4152456772039568
1.0	0.0	0.0	0.9969572523896324	0.0037243367309934675	0.0024408251052337113	0.9999991920992959	0.023547975002004794	0.0030125919715998212	0.9954592740637305	5.229399709483808e-08	3.455177294348257e-07
1.0	0.0	0.0	0.9989092214594765	0.002410022802580569	0.0011089137925702627	0.9999999728448125	0.006805554428929038	0.00035469265174566903	0.9996465284479508	1.264379577259567e-07	1.6831065584545683e-08
1.0	0.0	0.0	0.9992337275549357	0.0019815612057775267	0.0008943472457328325	0.9999999724001354	0.004096255041685065	0.00017636325121955104	0.9998751411148209	1.070670410766568e-07	1.9400800613886704e-08
1.0	0.0	0.0	0.9993546069067364	0.0017788148560186519	0.0008102518131191318	0.9999999782939135	0.003187450921371683	9.249411933495648e-05	0.9999465195859824	6.379764278019706e-08	1.4853961307657867e-08
0.0	0.0	1.0	0.0006456843316152355	0.0023964629169536578	0.9998409977023939	4.109462803279848e-09	0.005427733423345139	1.0	2.5958047815280416e-25	2.519811169160927e-10	0.9999998107390121
0.0	0.0	1.0	0.0006823175132700144	0.00272725950339211	0.9997655907395313	6.027296599054451e-08	0.007340749196516987	1.0	1.7279509247941451e-19	3.434314573992999e-08	0.9999967502303796
0.0	0.0	1.0	0.0007810145325314473	0.0066701916435365945	0.9994847267685938	1.3318019229326268e-05	0.0566314332210474	0.9999999999999991	2.403712912885197e-18	1.1854032615697087e-07	0.999590347993777
0.0	0.0	1.0	0.001284564054285922	0.03736766319277142	0.9976014836408711	0.0007118197669259483	0.18183264683460737	0.9999999999913218	3.5282342546124647e-15	2.1483997367419756e-05	0.9881914334726412
0.0	0.0	1.0	0.004016326067221998	0.10115292543610523	0.9900650308715191	0.0058109185281722845	0.28047113190905165	0.9999997667246034	1.4157183280594762e-11	0.0018639630593542899	0.9400733095144751
0.0	0.0	1.0	0.0006898573414015034	0.0032110197626949487	0.9997013546700445	4.3903604356168494e-08	0.012242099589119725	1.0	4.030780977623938e-18	8.727454034651287e-08	0.9999981792212443
0.0	0.0	1.0	0.0007878086229239908	0.005291038433500711	0.9993871126768528	3.1442301652460922e-06	0.02712993315534567	0.9999999999113303	5.251846643399648e-12	1.7113384138683963e-05	0.9998617884094155
0.0	0.0	1.0	0.0014869093118266366	0.051097292160496646	0.9946176923582026	0.0016127102002380783	0.18305680559497647	0.9999987623092724	8.732612562899628e-09	0.0015717805660703113	0.9612079243486481
0.0	0.0	1.0	0.013465945262491594	0.4798999031274672	0.7077923648602907	0.06640354757428073	0.5942954836470877	0.8677118730726373	0.0002481789958017565	0.2695133366065427	0.4931682558810476
1.0	0.0	0.0	0.9107238975200915	0.012969887533792907	0.02263315530875253	0.9819684237305906	0.07033471555474095	0.07970811119516058	0.6343839439971606	2.41516782578728e-07	0.0016778766663417817
0.0	0.0	1.0	0.0008138524677417915	0.006925011958824919	0.9992024378318627	8.795188805167955e-06	0.05177322691767777	0.9999999999999019	1.3526051887508004e-14	1.7823976703338706e-06	0.9996292558854869
0.0	0.0	1.0	0.001621218888173792	0.04213239500087895	0.9898989139378114	0.0023494784010814978	0.14282597007209355	0.9999891157240972	2.0094529175219162e-07	0.0024966279981347497	0.919140686486359
0.0	1.0	0.0	0.22179241604621164	0.7346207984832022	0.053455683773770725	0.4169610958707108	0.8778781981140568	0.10100796502208415	0.1572824906533311	0.3800927206499872	0.020293305533179956
1.0	0.0	0.0	0.9902147549943172	0.02190105193982443	0.003482693545780551	0.9999846205188666	0.1195330979474075	0.006266292126532044	0.9527526111215814	1.522129822085384e-05	4.2795175033725165e-06
1.0	0.0	0.0	0.9983418319817925	0.002902665471714691	0.0014867114900811754	0.9999998500379599	0.01237707647266713	0.0008612288736486933	0.9990178800471197	2.6008467109295537e-08	2.51474413483362e-07
0.0	0.0	1.0	0.0011782549129608136	0.019026011164817214	0.9978096697830525	0.00013059188978420766	0.09283191277485923	0.9999999999907856	6.891887656303285e-14	8.674365591250741e-06	0.9961030906607894
0.0	0.0	1.0	0.017151865369869953	0.4655226440766375	0.6189501366491881	0.10541968177744297	0.5723641453210051	0.7609350724175712	0.0009268458586338269	0.2866848464855974	0.3747597636082677
1.0	0.0	0.0	0.9881690677186855	0.02204805233104984	0.004028703227708223	0.9999528016026671	0.11974709518729867	0.007882695499498158	0.9415937239746092	6.293347330610339e-05	7.94633691189563e-06
1.0	0.0	0.0	0.9983692928862855	0.0031627964572509978	0.0014299055498546008	0.9999998473181508	0.01404505504701615	0.0008222489542041827	0.9990291654527351	3.118284621836813e-08	2.6802555575100823e-07
1.0	0.0	0.0	0.9990427398799918	0.0020816730803988894	0.0010510116623759348	0.9999999047267685	0.004267060798439334	0.00034977657498713375	0.9998274552859154	1.8892883859829645e-08	1.484605229816242e-07
0.0	0.0	1.0	0.002416637039204963	0.10960792091606911	0.9936263408081505	0.0015971039101183005	0.33847025244285517	0.9999998864813796	1.0409457754006666e-10	0.0012455867144440425	0.9747553735368049
1.0	0.0	0.0	0.8880737710572454	0.019783880742548728	0.025967755891248615	0.9817848510600794	0.09877504103840865	0.07744094495676135	0.679782451797193	5.1535332091967736e-05	0.0014352337781371515
1.0	0.0	0.0	0.9979585394836512	0.0032529028563404623	0.0016628640657343399	0.9999998093091532	0.015492930210372895	0.0012467363536203507	0.9983642840237565	3.2127101239810045e-08	3.284205949511924e-07
1.0	0.0	0.0	0.9989842752043188	0.0021669282766931764	0.0010543087918974702	0.999999874144228	0.00468437791319514	0.0003698732428605011	0.9997795847029795	2.5368369301045294e-08	2.1607045378893867e-07
1.0	0.0	0.0	0.9992397212328353	0.001828100049535019	0.0008844254992747412	0.9999999530804776	0.0030032579257651807	0.00013760724168914053	0.9999324283345359	9.580816039653602e-09	6.011268566211451e-08
0.0	0.0	1.0	0.00060945805812929	0.0023012714806637876	0.9998859897935918	2.121329605586332e-09	0.004838242737058945	1.0	5.912308892536552e-26	1.3297688940549598e-10	0.999999905686029
0.0	0.0	1.0	0.0006279086310729584	0.0022653914315260057	0.9998476579414307	1.0931112355388115e-08	0.0037261677665849733	1.0	4.106993624974961e-20	1.804609112522728e-08	0.9999992960221591
0.0	0.0	1.0	0.000666431708478445	0.003218621409030321	0.9997527314748269	3.981862714703583e-07	0.012081788065674774	0.9999999999999998	7.697781072892747e-19	5.204361315496193e-08	0.9999803503081908
0.0	0.0	1.0	0.0007954413382834368	0.009942274607065205	0.9992720161238788	8.191937982394251e-05	0.0978646394015382	0.9999999999999991	2.8856651126310827e-18	1.3429113342750386e-07	0.9980724340879532
0.0	0.0	1.0	0.0014855145662155385	0.047613118333693125	0.996790740358899	0.0012724306289659925	0.19721433524872647	0.9999999999681877	4.866540844385638e-14	0.00010710673701709514	0.9825121185879659
0.0	0.0	1.0	0.000633660696497296	0.002641842672474183	0.9998058105202986	5.621197863202175e-09	0.007667688875342515	1.0	1.6916998502191935e-22	2.239724533763352e-09	0.9999997819468851
0.0	0.0	1.0	0.000670975610078315	0.002801439684692957	0.9997046524666843	7.080374835580388e-08	0.007512048785325384	0.9999999999999956	1.0684789566852812e-16	2.8562667523402393e-07	0.9999962348396427
0.0	0.0	1.0	0.000786763843246551	0.0057808450818941474	0.9992785256319521	1.3137988708041252e-05	0.04079699924843791	0.999999999999546	7.848935780799048e-15	1.7389171111622105e-06	0.9995287327709979
0.0	0.0	1.0	0.0016357949484869625	0.04714850575824449	0.9950782066923298	0.0021532555821859524	0.17922933800436996	0.9999999958433916	2.167832651155223e-11	0.0004211117028536445	0.9614146277435867
0.0	0.0	1.0	0.007575783667228143	0.20269010557618514	0.965360691421835	0.03380681427957447	0.45907495952400307	0.9998923669464617	5.0252828184456345e-08	0.029678162575399646	0.7287190022125939
0.0	0.0	1.0	0.000689810578030834	0.004368164604126582	0.9995836437335629	4.949593502253857e-07	0.02555241067840457	0.9999999999999916	3.072352960938937e-15	7.486065705585387e-07	0.9999798921990253
0.0	0.0	1.0	0.0008217452237723226	0.006757205158160069	0.9989506276501484	2.142671828307575e-05	0.03670112199636032	0.9999999946752092	1.7707154165901575e-09	0.00011409024854196807	0.998916938210774
0.0	0.0	1.0	0.0029798948593624626	0.08837760795973558	0.9738395421458783	0.013398322372000959	0.19679266200473144	0.9996100239958993	2.6980723633718894e-05	0.023633161755729517	0.7785654454185585
0.0	1.0	0.0	0.2967335830091676	0.7597046077292932	0.04474991073059287	0.4584543860026678	0.9129547037967007	0.10885415011642247	0.1685918995213235	0.3400759843696255	0.01851925044851478
1.0	0.0	0.0	0.9898418178949974	0.019917340638552387	0.003330612680943223	0.9999871785944083	0.10014283728135066	0.007182925796220227	0.9429520611835457	6.4766626674659346e-06	3.9533642548183645e-06
0.0	0.0	1.0	0.0008225284313526411	0.0075170436333234225	0.9990540729679159	1.541166096606292e-05	0.06585248306735741	0.9999999999999756	4.853778719227396e-15	1.0551680129989804e-06	0.9994249906076732
0.0	0.0	1.0	0.001552474747898751	0.029267033548594647	0.9930739433106354	0.0017943315031996015	0.10863113273398753	0.9999992770292224	2.7707432032531697e-08	0.0011089602063177706	0.9393630547043494
0.0	1.0	0.0	0.21004410962933567	0.7205936964768589	0.06567584865667409	0.452362895863247	0.8854181933311893	0.15143516603731208	0.11575812415480938	0.32982418180508394	0.03127392228635929
1.0	0.0	0.0	0.9926629219270532	0.022429695888570148	0.002834147278016956	0.9999688547930994	0.10626036878551941	0.004376410025380327	0.9667290762809913	4.216316363170322e-05	6.90215235964651e-06
1.0	0.0	0.0	0.9985620691077041	0.002781096156791802	0.0012906844784627758	0.9999999416825226	0.010278483882276397	0.00033524049773564306	0.9995998968679496	1.0096633192786566e-08	8.175228313361849e-08
0.0	0.0	1.0	0.0011345749189035834	0.015634676405401993	0.9980146475193434	7.430714398124332e-05	0.08022005660595842	0.9999999999981808	2.9069913173078095e-14	5.405599812733152e-06	0.9981368055193498
0.0	0.0	1.0	0.006902145959634579	0.34729048914742605	0.9183249517491633	0.042735421763862906	0.4739749382295139	0.9789806901394202	9.296524571906272e-05	0.19028412950393975	0.6280475739673722
1.0	0.0	0.0	0.9872357561893601	0.02147703258010006	0.004251519865896885	0.9998618194795931	0.09190257236899738	0.008527016255344091	0.9378591901193236	0.00019476941640958842	1.8082929691055745e-05
1.0	0.0	0.0	0.9983737378112485	0.002868943902534127	0.0013601816955868596	0.9999998730125806	0.010690500066650722	0.00035472365936471695	0.9995512006030812	2.159691076879306e-08	2.1639665218540504e-07
1.0	0.0	0.0	0.9990306404358276	0.001979836238412069	0.0009978908088316607	0.9999999885832028	0.0034080834434528054	6.482639042302706e-05	0.9999533284497581	2.1169295308248478e-09	1.0101354434406456e-08
0.0	0.0	1.0	0.000585446131682807	0.002292266211320802	0.9999146068317698	1.4722413890350366e-09	0.004805317203931979	1.0	2.652773554384203e-26	9.970020160536334e-11	0.999999938873127
0.0	0.0	1.0	0.0005954876727745343	0.002127813150841648	0.9998925250181999	5.106633261569204e-09	0.00288345504715556	1.0	1.2126430910205166e-20	1.1309151067874829e-08	0.9999996545220363
0.0	0.0	1.0	0.0006138865778225763	0.0023431600227814494	0.9998483506660137	3.542672282968091e-08	0.0038933613090751515	1.0	6.244775835126758e-19	4.6271445164952504e-08	0.999997564883157
0.0	0.0	1.0	0.0006574031098595521	0.004499406247782478	0.9997070735812186	4.248168242150584e-06	0.028096622905601654	0.9999999999999998	8.245667565638497e-19	5.255079395597756e-08	0.9998424422047155
0.0	0.0	1.0	0.0008434936513129061	0.01327465019684475	0.9988713446778272	0.00032999504383253973	0.1326039377129005	0.9999999999999978	1.3367742343089194e-17	2.8970831392504493e-07	0.9940425257117869
0.0	0.0	1.0	0.0006004885014149042	0.0024699200360905607	0.9998617730268086	2.013584370667456e-09	0.00640513150098276	1.0	2.630940191594949e-25	2.2508558748851727e-10	0.9999999285409223
0.0	0.0	1.0	0.0006181589294062151	0.002319854691744791	0.9998150125464711	1.083173569316194e-08	0.004146413206587227	1.0	7.234292240851621e-20	2.0850816134209906e-08	0.9999993875322143
0.0	0.0	1.0	0.0006574316514390091	0.0028833217272995976	0.9996939263957312	2.555298824055807e-07	0.008205640140809026	0.9999999999999991	9.557927226166994e-18	1.233389129594021e-07	0.9999866631892583
0.0	0.0	1.0	0.0008071038124342486	0.007700377575800934	0.9990507495400739	7.861393659230294e-05	0.07164333316249198	0.9999999999999938	4.907645780164955e-17	3.439885547775932e-07	0.9980020221859303
0.0	0.0	1.0	0.0018515539693523943	0.04558562508197549	0.9946028764110781	0.0030668396944178796	0.16273611867281834	0.999999999706904	1.403017508853774e-12	0.0002191692285007861	0.96010858140457
0.0	0.0	1.0	0.0006315146919392803	0.003412098508695932	0.9997374945248427	3.32275428418741e-08	0.014258225912032097	0.9999999999999984	4.658229414662961e-16	3.798072094554746e-07	0.9999988318942835
0.0	0.0	1.0	0.0006758116848928413	0.0036437271148095996	0.9995655049013501	4.329009552452963e-07	0.011654798948501919	0.9999999998704032	6.36873580258973e-11	2.7548274178199128e-05	0.9999776123171281
0.0	0.0	1.0	0.0008534742838871648	0.007474269208091409	0.998563002759697	6.103587129846831e-05	0.03856894599714649	0.9999998963177507	4.374825243296441e-08	0.0003701012496578021	0.9973308810588131
0.0	0.0	1.0	0.004484292439262848	0.15793549966219686	0.9655371301750274	0.027184773616853286	0.2075353476081809	0.998860076458649	0.0002056066815505055	0.09255446713997845	0.72183439481821
0.0	1.0	0.0	0.32784954063783683	0.6482563374105403	0.04055344206849215	0.45118642114180696	0.742158142273376	0.12952883721699993	0.19772220154626724	0.2513113418763446	0.01642291332870608
0.0	0.0	1.0	0.0006970992143509788	0.005536798361631566	0.9994586485797842	3.249879712385721e-06	0.04280041045532464	0.999999999999994	2.4007039384921995e-15	6.776106001733616e-07	0.9998744569366557
0.0	0.0	1.0	0.0008555240796837206	0.006658021969445931	0.9985690301127221	7.089111044883962e-05	0.04486263086142006	0.9999999995190598	1.8779120783319423e-10	4.839341139078484e-05	0.9966600355292663
0.0	0.0	1.0	0.004198942277774447	0.07963841159580858	0.9576390184282466	0.031660878012705715	0.14588678326648738	0.9996145449700898	5.5744568800739575e-05	0.030828008491787476	0.6337919521309444
1.0	0.0	0.0	0.4900447544258704	0.7440025065462169	0.021940160795779692	0.7953254660296436	0.90537562137199	0.02410294084149009	0.4159912961529385	0.3300211191328322	0.01120107130702401
1.0	0.0	0.0	0.9965138269669689	0.019114153896137808	0.0020017588802997695	0.999997705746239	0.0962803755123748	0.0006110983272710364	0.9944686602590912	2.940701082986521e-06	2.9387606333681105e-07
0.0	0.0	1.0	0.0008192686801260512	0.007577562300514445	0.9990028415856366	1.6288825433682567e-05	0.06708343810871936	0.9999999999999882	2.7408880944557016e-15	8.296674736203778e-07	0.9995050906695905
0.0	0.0	1.0	0.0014166906414725938	0.019489543976415266	0.9954771614730167	0.0009384870422861948	0.07985186698925904	0.9999999687443493	1.996544862415011e-09	0.0004295586935074297	0.9733000302418596
0.0	1.0	0.0	0.20984566159847412	0.6840686288410696	0.06769986680357865	0.44083160935623733	0.8819549409706408	0.11008778801506168	0.16423599447977286	0.2361466181710824	0.04441382407272013
1.0	0.0	0.0	0.9956539389745249	0.019281897834574027	0.002340662781617732	0.999965958096986	0.08620841707112446	0.0006895239303725758	0.9938702631410009	6.640586756455008e-05	4.350709881066877e-06
1.0	0.0	0.0	0.998569682437273	0.0025441126223458474	0.0012343192270932164	0.9999999988401309	0.007756489328385796	2.5839064631549242e-05	0.9999009064582497	2.356728970429206e-10	4.754036974645549e-10
0.0	0.0	1.0	0.0007666124682345971	0.004137412805475435	0.9997405367335498	1.2784455688189807e-08	0.008213903838406018	0.9999999999996383	2.1693262677880526e-18	1.976254203625882e-05	0.9999994865843569
0.0	0.0	1.0	0.0008760132577968269	0.013824224601890709	0.9995365407491538	9.365825500683285e-07	0.026924196257032924	0.9999997970407998	1.0586880633374251e-12	0.0022130506544470385	0.9999669934130175
0.0	0.0	1.0	0.0012920913920137463	0.1326347594711227	0.9959000221980469	0.0004349492533941201	0.19178323466185573	0.9987978330191173	5.515138470004499e-10	0.0610192561368863	0.9910405073227692
0.0	1.0	0.0	0.0056086600138997	0.7683651211537219	0.14630749706237295	0.01783363114144359	0.9636750225886909	0.9384491537223484	4.0122905213389e-05	0.1788206343193639	0.002262880787619275
1.0	0.0	0.0	0.8812330079719887	0.007512565820708908	0.06120590039478177	0.9964433313411506	0.040058271579408666	0.5355418856486992	0.24615152775082383	6.730799710814605e-06	5.9331328645752775e-08
0.0	0.0	1.0	0.0008843448326110022	0.03948973601384212	0.9992387758617223	2.668066284131776e-05	0.06666088889397402	0.9999943487514407	6.090552078856661e-10	0.006304128837627697	0.9987588897688703
0.0	1.0	0.0	0.005019439910713434	0.5930187669921223	0.18717515280916838	0.012767435866783444	0.8573386627864223	0.9793019326456908	0.00037181235407317845	0.10714480962772185	0.01947117786925656
1.0	0.0	0.0	0.9060640777038419	0.8784506506282113	0.043388796994558436	0.9993681866073819	0.9997885630304421	0.5407628164113748	0.156406261758604	0.2722569626810799	2.831993521367928e-09
1.0	0.0	0.0	0.9733006960414846	0.04441054129959535	0.009625391086027071	0.9999999999768608	0.09721873732684475	0.05311608209714823	0.6644554086002661	0.011970197931451019	1.1822331674053295e-14
1.0	0.0	0.0	0.9948166691681439	0.0040663773654057616	0.0027841452349283784	0.9999999999986182	0.008915972736408729	0.0036416180843249647	0.9812573245655271	0.0004022779145736196	1.969908065491812e-15
0.0	0.0	1.0	0.0014659646806466698	0.24384633701437133	0.96640958995509	0.0014688354160096542	0.3251403888424988	0.9898376045882861	2.75592508344826e-07	0.06679589852080911	0.9200746445965061
1.0	0.0	0.0	0.8847823285574997	0.8621175518523235	0.02791534143806863	0.9867251933952776	0.9987787549070777	0.2527662717497929	0.1872659151683624	0.31555673121681055	1.0048599484389981e-07
1.0	0.0	0.0	0.9919106152202531	0.14347973345519852	0.0037134125625666614	0.999999999999767	0.2384333889793473	0.00302351636225881	0.9631322842458603	0.037223523715464904	2.2287593870550605e-16
1.0	0.0	0.0	0.9981099348059733	0.007280938653075612	0.0015579989455114466	0.9999999999999962	0.016433684904083878	0.00018173103115169784	0.9986146330758204	0.000996941121831593	1.5409654367953483e-17
1.0	0.0	0.0	0.9989491154252229	0.005164640346483699	0.001143586346587355	0.9999999999999962	0.008079798476330283	6.196692441083703e-05	0.9996964124225307	0.000592018951301074	1.5013729253106e-17
0.0	1.0	0.0	0.007456001931525235	0.6954614284667314	0.1552856031643294	0.03365226915163321	0.8469350405525176	0.9130323852134392	3.2137294377760674e-05	0.18959348185824304	0.0289006237790585
1.0	0.0	0.0	0.9851046531226378	0.0633041064564448	0.00548803039159814	0.9999999982763	0.1398397927057637	0.010570147492148458	0.8957317008163184	0.025270890521070982	6.758672549443298e-13
1.0	0.0	0.0	0.998085389761573	0.007617138354345896	0.0015311979549986797	0.9999999999999953	0.019059358433413925	0.00017080349031304933	0.9987030207293012	0.0009682640624987335	1.7965628366519353e-17
1.0	0.0	0.0	0.9990193262498849	0.0055930098248960685	0.0010501841895125706	0.9999999999999969	0.008731152096664809	6.188081471162463e-05	0.9997658115066832	0.0005880153850048025	1.2441002589099745e-17
1.0	0.0	0.0	0.9992515689616926	0.004778624858209341	0.0009200527147995052	0.9999999999999967	0.007228556199815694	4.507819343094574e-05	0.9998819928299392	0.000538413877578763	1.3120403990280152e-17
1.0	0.0	0.0	0.9156845493464626	0.02333137936118669	0.03808345763083557	0.9994241419681491	0.07623979409035223	0.3588113052930027	0.26648529411887595	0.0010757120541308905	8.492006454435985e-08
1.0	0.0	0.0	0.9971095032206964	0.005011715220313313	0.0019850034054355752	0.9999999999757718	0.022984020154242432	0.0009008466311840294	0.9953146864797997	0.00011750217894934098	6.345660382971828e-14
1.0	0.0	0.0	0.9989475357331385	0.00555798124045461	0.0010622316151358262	0.9999999999999958	0.008640315476521228	9.469053424584438e-05	0.9996619107778658	0.0005910739294232851	1.6505172462615998e-17
1.0	0.0	0.0	0.9992521338863068	0.005051504219710188	0.0008789383544462198	0.9999999999999971	0.0077015010879071975	5.335110693261017e-05	0.9998681106013352	0.0005314343721756804	1.1598755287269517e-17
1.0	0.0	0.0	0.9993607221982694	0.004478003828476272	0.0008137846124475489	0.9999999999999969	0.006425496832471913	4.056685105568408e-05	0.9999266364535474	0.0004899775704356727	1.2262166567584594e-17
0.0	0.0	1.0	0.000695981821593198	0.002665295176490388	0.9998204478176284	3.638501165651198e-09	0.00542948443169793	1.0	2.261818230873999e-22	1.8554459742760225e-07	0.9999998303484747
0.0	0.0	1.0	0.0007475128426983283	0.0032470550108399656	0.9997341857473397	4.2213033251209104e-08	0.006842276964190827	0.9999999999996009	1.9216084718572036e-17	1.0234650973028587e-05	0.9999976546482237
0.0	0.0	1.0	0.0008778912569836574	0.007550607150241472	0.9994409443874817	7.486871710582384e-06	0.05209675502438113	0.9999999998553917	5.96116825278886e-15	8.812736921144697e-05	0.9997592944115482
0.0	0.0	1.0	0.0014161580197890712	0.045752316919487945	0.9977252679382029	0.0004820811289524643	0.17940886196617215	0.99999997251723	1.6416753681517684e-13	0.0009461120859409404	0.9923416544772896
0.0	0.0	1.0	0.0038068785434571518	0.2554254746329561	0.9820216254573583	0.005140964712215779	0.37874832735340097	0.9961696507470716	1.1082609635417262e-08	0.163644594300189	0.9609838451425115
0.0	0.0	1.0	0.0007495468626379958	0.0037272175935628513	0.999682173569855	2.0887444517374847e-08	0.010467089146119954	0.9999999999998902	2.1259215169539174e-17	1.0432693380279987e-05	0.9999990548029314
0.0	0.0	1.0	0.0008722560762939311	0.008168126191690675	0.9993807070955819	9.472795683753968e-07	0.02091912113148122	0.999999994835514	1.0055219620170465e-12	0.0005131626289696933	0.9999513898500602
0.0	0.0	1.0	0.0015195775846471387	0.08203082087673426	0.994030073085549	0.0007481684409725726	0.1575505825549409	0.9997964229786502	6.340533458029658e-09	0.027511356042002073	0.9757453522728655
0.0	1.0	0.0	0.03282712299417721	0.7450926754953133	0.09811454209733524	0.12033434727797779	0.9272932919383269	0.6958407096223934	0.00044569310594582686	0.22979762725528427	0.010669430126601228
1.0	0.0	0.0	0.9530367716928515	0.010162741059205319	0.01907578406329947	0.999337967648161	0.05244896711582988	0.16720213387742405	0.5654405283542172	4.041617685216526e-06	6.482832147222851e-07
0.0	0.0	1.0	0.0008963765582133625	0.010571739544652452	0.9991736908038562	7.337972919375908e-06	0.045312670740312436	0.9999999651036993	5.916663748698357e-11	0.002155380944600346	0.9996020820929031
0.0	0.0	1.0	0.0019039529964338783	0.13294937712259486	0.9731856903163358	0.002276881512656476	0.17093454982756084	0.9916828475823495	2.9097945487539286e-06	0.07046034011881148	0.9002452302017943
1.0	0.0	0.0	0.844039910894577	0.8387635329521472	0.018154236481243313	0.9901140184840236	0.9983627306534062	0.10962103482847496	0.3394769836230242	0.3419164405483125	6.667479426850708e-07
1.0	0.0	0.0	0.9924847059947685	0.020692049470399206	0.003251339267928968	0.999999999419585	0.09312833136021398	0.003578110753762589	0.957642890478692	0.0016926147082280871	4.3878090084988065e-12
1.0	0.0	0.0	0.9981479303987651	0.003329357808142397	0.00151163471486064	0.999999999969728	0.012727983280510995	0.0002721998301260493	0.9980714684980977	1.5516016807271014e-05	7.992668672924719e-13
0.0	0.0	1.0	0.001345733363039204	0.028886139559050807	0.9976245484333853	8.366345296762848e-05	0.09699209254013731	0.9999983897444107	3.354376605096206e-10	0.007724896288080024	0.9972813659785409
0.0	1.0	0.0	0.04281006342951261	0.6880260025423154	0.07664295821076432	0.1417596838639768	0.8943359114242125	0.3889595074160967	0.0013189768089259283	0.2613636619264532	0.011147064424001502
1.0	0.0	0.0	0.9927749241578648	0.02428690494959784	0.00323742432438549	0.9999999989305882	0.09800987789570792	0.0023448600357764693	0.972056866459477	0.006330917857401358	4.519444946192252e-12
1.0	0.0	0.0	0.9984042871643335	0.0037892955887989478	0.001362387567891258	0.9999999999887378	0.01578842103790998	0.0002028304677495702	0.9991609339983996	2.8307571134473413e-05	2.6256547903741745e-13
1.0	0.0	0.0	0.9990623110472059	0.002451626506560655	0.0010337298453868581	0.9999999999857984	0.005813359561784467	8.613232411482577e-05	0.9998088056445162	1.8701847425724797e-05	3.885339066337505e-13
0.0	0.0	1.0	0.002772671046832378	0.18571279096731386	0.9888782097033303	0.0010478458835428332	0.30051621885218427	0.9985276038921607	3.908155334353028e-08	0.10531823543904952	0.98215950763587
1.0	0.0	0.0	0.9712173064988816	0.015585390743672205	0.008321533299261037	0.9999315283833321	0.09223858627991581	0.027645506073361397	0.7918885622989607	0.000651913722729564	1.0215275533266982e-07
1.0	0.0	0.0	0.9980646371708236	0.003920274257874783	0.0015094997839385238	0.9999999999897916	0.017314430982177612	0.00034390229937198026	0.9986061688865406	3.828483169051544e-05	2.007080677213365e-13
1.0	0.0	0.0	0.9990348239129682	0.0025863021259267256	0.0010092526428780815	0.9999999999933407	0.006459520186467786	0.00010869677010772544	0.9997806980638391	3.126552049210794e-05	1.6201340630751688e-13
1.0	0.0	0.0	0.9992661284564278	0.0021419024543440817	0.0008787797976188915	0.9999999999908022	0.004616856111664985	7.065866855633963e-05	0.9999009450791246	2.2094531231118193e-05	2.6175828798313447e-13
0.0	0.0	1.0	0.000649417240715374	0.002377007005087874	0.9998694699549173	2.037875318861825e-09	0.00497681168100451	1.0	5.110851248447172e-26	4.324456407730153e-10	0.999999907614436
0.0	0.0	1.0	0.0006762220725801055	0.0023939661324908204	0.9998248576579252	9.198898647091038e-09	0.0037654992728430353	1.0	1.1255379353244013e-21	1.4001851101445118e-08	0.9999993883832335
0.0	0.0	1.0	0.0007317278314932905	0.0034281938636517616	0.999715482003236	2.441526080685936e-07	0.011127283551922763	0.9999999999999991	2.10353805970977e-18	1.9258753466933643e-07	0.9999871324447204
0.0	0.0	1.0	0.0008982230143924409	0.010217646010906979	0.9992391081806536	4.814791855346868e-05	0.10163315883045687	0.9999999999999976	3.9621359312363716e-18	2.654707818307923e-07	0.9987806182579677
0.0	0.0	1.0	0.0016124792933255702	0.0431181351844006	0.9970806308278697	0.0007769477420449812	0.20161480898394113	0.9999999999975228	1.2332530110157788e-15	1.5194712943249808e-05	0.9885192623362548
0.0	0.0	1.0	0.0006780872890360366	0.002680411519949401	0.9997892364622573	3.5618670870197864e-09	0.007355322214389287	1.0	2.345163401193346e-24	1.607188016103329e-09	0.9999998607239126
0.0	0.0	1.0	0.0007287327512121196	0.002891687714678899	0.9996831389820685	3.4202274774427525e-08	0.0068364824965670085	1.0	1.8867599385743288e-20	3.55014695133309e-08	0.9999981300750099
0.0	0.0	1.0	0.0008727960066987522	0.005695574686715075	0.999284247754805	4.2261656771111114e-06	0.03514111783612201	0.9999999999999516	1.3347502465522268e-16	9.125855952499454e-07	0.9998388760972576
0.0	0.0	1.0	0.0016272291710834415	0.034790637573767325	0.9964997043041628	0.0006739334530049358	0.1731103089500016	0.9999999999882598	7.666091162248975e-15	1.4286894189635663e-05	0.9869612082513093
0.0	0.0	1.0	0.005672398270588439	0.14435930477237488	0.9776587059548044	0.00992199263320807	0.38105055632151374	0.9999960276346903	5.273554608815437e-10	0.0058831051796349966	0.8925073440048712
0.0	0.0	1.0	0.0007429933957861884	0.00432515393446274	0.9995706253161176	1.3277562325716546e-07	0.0210698377987927	0.9999999999999738	2.5249379560858366e-15	2.0908992114612763e-06	0.9999942864943263
0.0	0.0	1.0	0.00089911433471257	0.006501600946662323	0.9990113830166519	4.5136727459191995e-06	0.02879332447382665	0.9999999999107583	7.852034252403383e-12	3.811288660541892e-05	0.9997040111760293
0.0	0.0	1.0	0.002281644445969442	0.05348198354232646	0.9850432671451859	0.0027122249065552194	0.17700209787502075	0.9999532349542979	1.1943045803621363e-06	0.0063675199308684104	0.912510189138006
0.0	1.0	0.0	0.1946749271946226	0.6930532990253722	0.061916589412201795	0.2666257020237536	0.8308971761630053	0.14941983388770994	0.11649426693560162	0.31658175242138714	0.03465547753707118
1.0	0.0	0.0	0.9877471846653602	0.01461400669187012	0.004107697160082028	0.9999959905030745	0.08417755704720062	0.008626987341572606	0.9166099498956216	2.8580718694675454e-06	1.1569363747521169e-06
