0.0	0.0	1.0	0.0	0.05221079626256885	0.0006021592061685062	0.995200434247553	0.0013204432134938267	0.41227786427965074	2.9663609348709316e-06	0.9999639638446699	0.005256266184514376	3.2236692770057555e-05	1.0307272451968229e-13	0.9908051258554629	7.308383333961932e-07
0.0	0.0	0.0	1.0	0.006286360984652143	0.0005992066138238279	0.011012342397435301	0.9868134145289722	0.009575163728707967	2.3405126083905727e-05	0.040875981655868525	0.9999999407252153	2.0304999348543244e-10	8.159719225013775e-10	4.490470137805604e-05	0.9907628939322126
0.0	0.0	0.0	1.0	0.005941611234225633	0.000601496329675405	0.011346720636776317	0.9867894697113546	0.008586174374539152	2.475325409086481e-05	0.04397414534723433	0.9999999393507673	1.9143138383184566e-10	8.638590356311329e-10	4.700421457187838e-05	0.9907366749775322
0.0	0.0	0.0	1.0	0.005560446731262276	0.0006038998950048909	0.011527956752780958	0.9868650719607466	0.007497970319304501	2.651373736357031e-05	0.0458025400797198	0.9999999447038262	1.7023417720419022e-10	9.826697659794556e-10	4.498161878617116e-05	0.9911060814715607
0.0	0.0	0.0	1.0	0.005218982868437634	0.0006065710124840752	0.011846904560654587	0.9868734795293368	0.00661779795273672	2.828072462846092e-05	0.048846494152538986	0.9999999451593287	1.560710574501417e-10	1.0700671527624643e-09	4.568960055508956e-05	0.9912105745615436
0.0	0.0	0.0	1.0	0.004825848331981344	0.000609562348710377	0.011954690519537051	0.9870072340567592	0.005601991922775082	3.0816485346319705e-05	0.050100601592858535	0.9999999537001859	1.3176320590534665e-10	1.2841069270156668e-09	4.114931311327895e-05	0.9918031047912252
0.0	0.0	0.0	1.0	0.004554553530793267	0.0006111424076146278	0.012449533267529268	0.9871768744395284	0.004540361192426743	3.118196412743895e-05	0.05715100013485621	0.9999999551310773	1.1341182100991351e-10	1.2484855359709917e-09	3.719043897489319e-05	0.9922139181305317
0.0	0.0	0.0	1.0	0.004238334608060818	0.0006137165188619727	0.012576721424884186	0.9873656307683791	0.003756556705284986	3.326763177062303e-05	0.059354228880434054	0.9999999621258341	9.454054489923444e-11	1.441869498057214e-09	3.220325770508582e-05	0.9928604611651732
0.0	0.0	0.0	1.0	0.0039575102213741005	0.0006161346489348717	0.01282908807996641	0.9875677913481963	0.003035945928926335	3.497294640728691e-05	0.06353747538631146	0.9999999674512678	7.814737638689245e-11	1.5887685900849684e-09	2.759654281469931e-05	0.9934446582545935
0.0	0.0	0.0	1.0	0.003653256612045593	0.0006204866404080157	0.01281017918864939	0.9876193452487153	0.0026779492997591266	3.923157172910621e-05	0.062111716467011774	0.9999999719187462	6.898832682429308e-11	2.0221052410430636e-09	2.6345888616938255e-05	0.993813303062857
0.0	0.0	0.0	1.0	0.003337776948142177	0.0006264485444283346	0.012477421584467968	0.987626164925785	0.0024778986373602523	4.626222745118744e-05	0.05574921123446352	0.9999999772623692	6.154909809724394e-11	2.8988232303998726e-09	2.5530318762592332e-05	0.9942176488545815
0.0	0.0	0.0	1.0	0.0031230194276802123	0.0006305332670124518	0.01272613090807565	0.987679029645173	0.0021400292980656628	4.986275595566292e-05	0.05813620139732503	0.9999999784982895	5.4832147629398166e-11	3.2416633033059832e-09	2.4714564905764494e-05	0.9944323038677525
0.0	0.0	0.0	1.0	0.002910621118832824	0.0006345079095727193	0.012862994135196003	0.9878262556892847	0.0017778475794518103	5.357949649728769e-05	0.05987029572052039	0.9999999811163756	4.676354781326671e-11	3.7147279987544528e-09	2.22524631875472e-05	0.9948686881220775
0.0	0.0	0.0	1.0	0.0027180336805944527	0.0006385012614913852	0.012884234539703051	0.9880173288203679	0.0014513998636520584	5.788323459461565e-05	0.060634742761827974	0.9999999845919918	3.866384685727698e-11	4.3845075504246954e-09	1.8672973227759104e-05	0.9953948565511231
0.0	0.0	0.0	1.0	0.0025714277249045438	0.0006422750486745478	0.013066042552255217	0.9881327634541489	0.0012247587149361158	6.155462487198131e-05	0.06303159568644767	0.9999999861810707	3.3780672650818486e-11	4.845514544456953e-09	1.67919835162701e-05	0.9956854235582892
0.0	0.0	0.0	1.0	0.0024317818224122234	0.0006464591615930176	0.013226719971620957	0.988238951160851	0.0010391338624150999	6.576565427811819e-05	0.06499578374608724	0.9999999875651373	2.9409602829891466e-11	5.385275522821575e-09	1.5207885867146301e-05	0.9959557813362496
0.0	0.0	0.0	1.0	0.001974334042406086	0.0006669682500548635	0.014185825079889804	0.988806683746549	0.0004287126621050191	9.23942553455193e-05	0.08139466784766465	0.9999999940664145	1.4317954241753456e-11	9.28873320083304e-09	6.946339381625948e-06	0.9970801335310682
0.0	0.0	0.0	1.0	0.0018669119361492481	0.0006722506879225038	0.013686541379185967	0.989105755510435	0.0003334255212176497	0.00010252260590681637	0.0759845640234367	0.999999995833499	1.1551590641859134e-11	1.1786329637644804e-08	5.171114902022934e-06	0.997626527592892
0.0	0.0	0.0	1.0	0.00185175887363639	0.000671731116468469	0.013823613374054943	0.9892057382833707	0.00030816458194468844	9.99141935166824e-05	0.07893684308070714	0.9999999957602541	1.1064193802280762e-11	1.1483413224814641e-08	5.116725628214704e-06	0.9977085025273158
0.0	0.0	0.0	1.0	0.0018079502355986495	0.0006751711219831385	0.01485249660056809	0.9891531233031755	0.00027732173026372067	9.938407812015791e-05	0.09296430339788447	0.9999999946998646	1.066364603689514e-11	1.0616806747932582e-08	5.7038925087029985e-06	0.9975185988700491
0.0	0.0	0.0	1.0	0.001738372471119146	0.000680413914598371	0.015098552357160828	0.9892397285089077	0.00023641291749338544	0.00010543620217093938	0.0964748784652092	0.9999999949306412	9.489591446002381e-12	1.1519197214673692e-08	5.339592814027537e-06	0.997643707235952
0.0	0.0	0.0	1.0	0.001576956530319732	0.0006992206240566996	0.015234334758961977	0.9892950644781789	0.00017592737223673884	0.00013452883242790801	0.09542152996625639	0.9999999958999599	7.2212032253067655e-12	1.6100368527937197e-08	4.450495022488594e-06	0.9978798121515831
0.0	0.0	0.0	1.0	0.0015317411430484276	0.0007075642495501628	0.014671490806372438	0.9891200465091815	0.00019860022535184003	0.00014811732466130375	0.08302105827028433	0.9999999959082112	7.587458429638925e-12	1.798148405044634e-08	4.9472945318235225e-06	0.9978546371079678
0.0	0.0	0.0	1.0	0.0015889521944149913	0.0006962655519060419	0.014429779200988471	0.9891872524903284	0.00022414561343308826	0.0001269983790420972	0.08155742940243693	0.9999999953248675	8.49193185721576e-12	1.5097611267037204e-08	5.631750212107425e-06	0.9978591724555961
0.0	0.0	0.0	1.0	0.0008574989657154706	0.001612537487045376	0.0053033756025648755	0.9939527258623362	1.7514807349957515e-06	0.006514041440759476	0.0007997120245393411	0.9999999999527508	1.0160794437083661e-13	2.1764953359185115e-06	1.924544901391844e-08	0.9999944844940843
0.0	0.0	0.0	1.0	0.0008541767528838054	0.0016750154418663107	0.005308211464037984	0.993959952124717	1.6692224917338056e-06	0.0071017614212165155	0.0007787314432765529	0.9999999999515331	8.784174653157563e-14	2.4587913108720887e-06	1.7215616990465506e-08	0.9999945357282424
0.0	0.0	0.0	1.0	0.0008458825778266331	0.0017421083883980009	0.005292266816940993	0.9939990134599126	1.5457092371713732e-06	0.007591251745449551	0.0007636872118249871	0.9999999999497948	7.276950089336621e-14	2.8255294295368556e-06	1.5129307066377715e-08	0.9999947483133258
0.0	0.0	0.0	1.0	0.0007919201990681246	0.0015353751177585946	0.004940796872393509	0.9945050873904787	1.1044273659954588e-06	0.004315692596955052	0.001017579034198892	0.9999999999438253	5.5873766414066624e-14	2.6053003285724894e-06	1.772459618124374e-08	0.9999964061006205
0.0	0.0	0.0	1.0	0.0007824256136687376	0.001617669299840412	0.004921779998386151	0.9945473482888064	1.0062502327599689e-06	0.004717898313713366	0.0009896009669492464	0.9999999999410067	4.349254269268881e-14	3.1347887084886653e-06	1.502125606326159e-08	0.9999965711136115
0.0	0.0	0.0	1.0	0.0008127970092036661	0.001995217127580931	0.005172743508350704	0.9942024882358572	1.1427825585847815e-06	0.009175808926463759	0.0007063146419789572	0.9999999999426109	3.4347231731222575e-14	4.782960680272413e-06	9.367508951494204e-09	0.9999957172747552
0.0	0.0	0.0	1.0	0.0008039186652156699	0.0021007430652864208	0.005156743547252007	0.9942413243051811	1.0541817735057749e-06	0.009909841612513353	0.0006882746869033569	0.9999999999396656	2.6944996072234137e-14	5.828873187030976e-06	7.833901770733069e-09	0.9999958870291548
0.0	0.0	0.0	1.0	0.0007947991705906543	0.0021472989730638536	0.005117446468288782	0.9943069077903838	9.72841730943431e-07	0.009989704444501217	0.0006922248434211649	0.9999999999376443	2.230148432411949e-14	6.593196267494176e-06	7.003491041471434e-09	0.9999961143666796
0.0	0.0	0.0	1.0	0.0007887294711694545	0.002227702829513294	0.005088480569034804	0.9943510741385042	9.108419495027037e-07	0.010549728359707347	0.000674573395814083	0.9999999999353224	1.8148483472105615e-14	7.655798742524723e-06	6.081231423832403e-09	0.9999962791208175
0.0	0.0	0.0	1.0	0.0007802935858966224	0.0023850274039506577	0.00508379412116582	0.9943796235969662	8.371495230866523e-07	0.011731583162503641	0.0006524798435527603	0.999999999930619	1.3089163418130067e-14	9.919226235910744e-06	4.7543516556850555e-09	0.9999963873217809
0.0	0.0	0.0	1.0	0.0007148145871219347	0.0017945686725551646	0.004500342303300426	0.9951233381461363	5.704074616114941e-07	0.004090675678206106	0.0011260401595407064	0.9999999999229885	1.433738800180744e-14	5.4866477634779365e-06	1.0010291516332594e-08	0.9999977647653444
0.0	0.0	0.0	1.0	0.0006555523149612682	0.0013931877886009122	0.08071769987466794	0.9901383933158657	2.9826486088515427e-06	3.6936476741842916e-05	0.4736938636368961	0.9997066335100961	8.372180564840228e-13	1.3989990308414308e-07	0.007029546141274952	0.9956732312205666
0.0	0.0	0.0	1.0	0.0011479556265755048	0.008151362319274756	0.2388780154454052	0.7792200729493076	0.0009121469080930576	0.04583493097468888	0.9071391867509877	0.9742844055639641	3.254901777254772e-10	0.00017175445781220753	0.046339958117699545	0.06917271945805484
0.0	0.0	0.0	1.0	0.0009415814087497644	0.010378002557117646	0.2953956448488651	0.8277859048799263	0.0006462936251105829	0.06133684268337856	0.8403403912640635	0.9828389626632	7.267819025076668e-11	0.0002217403175974712	0.07584301194054058	0.144435656340437
0.0	0.0	0.0	1.0	0.0009131477003642928	0.011695994342219908	0.2743227975168136	0.8344618749116062	0.0005081138864125935	0.06445448863062167	0.8437755239456806	0.9825234721139662	4.1175852618683855e-11	0.0004430357385784508	0.05629131877373268	0.1618046806398897
0.0	0.0	0.0	1.0	0.0008895737453228069	0.01403498790042461	0.2641682443187317	0.8323914988358172	0.0004226820414938618	0.07089147061330743	0.8450191211533407	0.9792343887559264	2.5787743907144212e-11	0.0009103545703843697	0.04611321848723087	0.1719851260746868
0.0	0.0	0.0	1.0	0.000847145604018222	0.05738333399840212	0.19216056040632343	0.7645911081813282	0.0006740639276651712	0.22290719262098063	0.6663406979440798	0.9591865452045938	1.992294958620455e-11	0.004378670853956257	0.01816508598523211	0.11389679924825485
0.0	0.0	0.0	1.0	0.0009080805499932629	0.25278473224113346	0.06237946200168327	0.7405380187808001	0.0010964381364645993	0.6370350265017152	0.5381897840966656	0.9738435205210009	4.67512151477205e-11	0.052214444971642335	8.434578086843623e-05	0.05070697128960066
0.0	0.0	0.0	1.0	0.0006292995834558936	0.0021713028306433097	0.03985883120049135	0.991001303948005	1.7879150136470987e-06	0.0002508659301078154	0.2513401908250315	0.9999047524881405	1.148473953448615e-13	4.940294089396911e-06	0.001845530097432716	0.9992939626363504
0.0	0.0	0.0	1.0	0.0008890329700571446	0.12730660000895622	0.1293987653459516	0.7433335758493113	0.00042612277454436877	0.24662871014197887	0.8445989175755756	0.9475476468701395	1.1019108503322885e-11	0.05977202587402915	0.0022549722819498407	0.07821124492731076
0.0	0.0	0.0	1.0	0.0008055018786842433	0.02849843946852117	0.19068589759064453	0.8867611108247575	0.00010844175149641341	0.053804533878345884	0.8667000612186755	0.9802921627001099	1.6238248366878648e-12	0.015326663426688421	0.009750980587086658	0.36514806686433
0.0	0.0	0.0	1.0	0.0007179871331511039	0.021142398400204727	0.18453244926656737	0.93636450143191	5.213466131738414e-05	0.0448536166460258	0.6636168005995255	0.9867761500803441	4.571957999819373e-13	0.00757982410415393	0.008304373412842634	0.7486462525346054
0.0	0.0	0.0	1.0	0.010754603645608402	0.0005879461590579023	0.011903476798404282	0.9845837284303833	0.03250014156628439	1.3393609820885116e-05	0.04203544035707049	0.9999994252217546	1.1028515611530725e-09	1.4668619496365045e-10	0.00021731783502715278	0.9792131476145528
0.0	0.0	0.0	1.0	0.010296919672538369	0.0005892497218312103	0.012222400308937975	0.9845779503631719	0.02972742206754	1.405566585416906e-05	0.044737608987353426	0.9999994133189484	1.0467038134498154e-09	1.5392812400271675e-10	0.0002270578429024498	0.9792322517614118
0.0	0.0	0.0	1.0	0.009719658487240818	0.0005907075595259802	0.012341420137442044	0.98471670298312	0.02639493677458307	1.493945388692705e-05	0.046256263313758	0.9999994871779663	9.149834959860099e-10	1.77110353285319e-10	0.0002123104939609901	0.9801400718410141
0.0	0.0	0.0	1.0	0.009058022498684865	0.0005923426371939786	0.012302254842675624	0.9849667855113937	0.022826961926698038	1.6130320035062704e-05	0.046751284039066004	0.9999995978371217	7.553626831855337e-10	2.1934682858686903e-10	0.00018311016975902154	0.9816841333693691
1.0	0.0	0.0	0.0	0.9853273693941513	0.0007676782879081507	0.09766437310891805	0.0005878204489446649	0.9997683101231265	0.0006067831236384299	0.9442387227213018	7.121191296030915e-05	0.9144720622689824	8.605933148674802e-13	4.350052039280715e-05	1.9794805352073236e-09
1.0	0.0	0.0	0.0	0.9852388517875849	0.0007679311182152928	0.09719215228963192	0.0005882597928891655	0.9997563114375615	0.0006099166518811398	0.9440560982247075	7.31915386544076e-05	0.9137054097153384	8.584587316676519e-13	4.376225746977192e-05	2.1346153947848438e-09
1.0	0.0	0.0	0.0	0.9852540135883634	0.0007683460061118118	0.09706904785193872	0.0005881614807053005	0.999758221584351	0.000612775069022752	0.9440929669650975	7.309345396841238e-05	0.9137031463183412	8.617537427875204e-13	4.3279428699856935e-05	2.131994843722876e-09
1.0	0.0	0.0	0.0	0.9852540135883634	0.0007683460061118118	0.09706904785193872	0.0005881614807053005	0.999758221584351	0.000612775069022752	0.9440929669650975	7.309345396841238e-05	0.9137031463183412	8.617537427875204e-13	4.3279428699856935e-05	2.131994843722876e-09
1.0	0.0	0.0	0.0	0.9852540135883634	0.0007683460061118118	0.09706904785193872	0.0005881614807053005	0.999758221584351	0.000612775069022752	0.9440929669650975	7.309345396841238e-05	0.9137031463183412	8.617537427875204e-13	4.3279428699856935e-05	2.131994843722876e-09
1.0	0.0	0.0	0.0	0.9852537989360495	0.0007689567548957325	0.09759002707156188	0.0005878305141579991	0.9997654581713782	0.0006143533158044322	0.9442387471007057	7.165632294688158e-05	0.9137446515721633	8.721186498405671e-13	4.3573147124750247e-05	2.0125477254017233e-09
1.0	0.0	0.0	0.0	0.9849730097494234	0.0007700625796543441	0.09758154710893764	0.0005885789891675918	0.9997423044344695	0.0006206247005208465	0.944018613849198	7.446848396496952e-05	0.9118206117999693	8.809357178733061e-13	4.5992291394680564e-05	2.212678544167854e-09
1.0	0.0	0.0	0.0	0.9846172103391584	0.0007728424750923775	0.09821123613366371	0.0005889519161360383	0.9997240781762227	0.0006342454174657722	0.9439942866210419	7.588144127544419e-05	0.9093817133631226	9.15778767159372e-13	4.920545439812238e-05	2.3054250102105016e-09
1.0	0.0	0.0	0.0	0.4892158521525999	0.3603299981846418	0.14621150697403956	0.0005961958163977754	0.8157576249328423	0.9273653372730063	0.9952456722920825	5.073418360265848e-05	0.015309597524397393	0.08864279945051831	0.0001534440903297507	8.77155239134305e-11
1.0	0.0	0.0	0.0	0.8667009809093459	0.0025416737941814267	0.2032284938022036	0.0006093839173141353	0.9991346295967362	0.012962650539516011	0.9935849567653238	7.926497065159941e-05	0.20619886457754347	1.4949173541271476e-08	0.0014579638263729603	3.2986698201312125e-10
1.0	0.0	0.0	0.0	0.9576622206667703	0.0007081348273914923	0.18376344539092226	0.0006328934823048052	0.9911985241119781	0.0002340770963784407	0.9822725677776123	0.0001411309175791729	0.7645505427661896	4.892426642220392e-13	0.006100568827959791	5.564764728995489e-09
1.0	0.0	0.0	0.0	0.9594660070900689	0.0007096050377377726	0.17896434789541193	0.0006317096218972797	0.9923454660666495	0.00024219614283835198	0.9824092483316369	0.00013758343286717582	0.76831794450125	5.178981126992207e-13	0.005126626828398778	5.239914983007202e-09
1.0	0.0	0.0	0.0	0.9598130392833593	0.0007104252310047168	0.17849530371564037	0.0006311693795894413	0.9926454465206952	0.00024617575818210456	0.982511787132672	0.00013614358133002942	0.767619857623322	5.344739704606838e-13	0.00495860686989189	5.070335525888224e-09
1.0	0.0	0.0	0.0	0.9576851795651727	0.0007097054281211855	0.18412112006239195	0.0006324354632050478	0.9915551067341155	0.00023924167593560069	0.9824612345735882	0.00013950934839377432	0.7610706900683712	5.229880101832203e-13	0.0059295281421466615	5.32276318551612e-09
1.0	0.0	0.0	0.0	0.9580581172421038	0.0007103312982476266	0.18287461833694363	0.0006322507947830294	0.99189871604986	0.00024285354880252677	0.9825176527038741	0.0001386645696730067	0.7607844821313043	5.383101984031344e-13	0.0056340147430623475	5.2357715993204295e-09
1.0	0.0	0.0	0.0	0.9580581172421038	0.0007103312982476266	0.18287461833694363	0.0006322507947830294	0.99189871604986	0.00024285354880252677	0.9825176527038741	0.0001386645696730067	0.7607844821313043	5.383101984031344e-13	0.0056340147430623475	5.2357715993204295e-09
1.0	0.0	0.0	0.0	0.9582891171737163	0.00071062168834637	0.18208617534230512	0.0006319985664806414	0.9920069880567927	0.000244653784541351	0.9825103917066386	0.00013836343510266583	0.762032728425112	5.40686599842725e-13	0.005510939056324727	5.223167701082668e-09
1.0	0.0	0.0	0.0	0.9582891171737163	0.00071062168834637	0.18208617534230512	0.0006319985664806414	0.9920069880567927	0.000244653784541351	0.9825103917066386	0.00013836343510266583	0.762032728425112	5.40686599842725e-13	0.005510939056324727	5.223167701082668e-09
1.0	0.0	0.0	0.0	0.9577395093548672	0.0007114023391255011	0.18346024252127885	0.0006320985387724246	0.9919244686000258	0.0002472664508192689	0.9825849745490833	0.00013851882643863472	0.757778595027829	5.593343944244936e-13	0.005636621641660539	5.179516920154126e-09
1.0	0.0	0.0	0.0	0.9572229464955286	0.0007134786870974262	0.18516022724508588	0.0006316682877476519	0.9920725412919963	0.0002555199965456219	0.9827910837626834	0.0001373965053210002	0.7517862378987789	6.070424020254268e-13	0.005675306501118982	4.9578993786384336e-09
1.0	0.0	0.0	0.0	0.955953223433858	0.0007155431768380071	0.18912737495778917	0.000631672029303588	0.9919697850743204	0.00026229406207881577	0.983415456160682	0.00013694080872350694	0.7422953542823811	6.639190226185997e-13	0.006063227906824165	4.7496470186589376e-09
1.0	0.0	0.0	0.0	0.9536269291378295	0.000717592867804543	0.19539333226936412	0.0006323224123064858	0.9914436558489245	0.00026765436247412313	0.9843838728472389	0.00013806685370198966	0.7339482217097518	7.308685075891787e-13	0.006805846733024579	4.67182011764791e-09
1.0	0.0	0.0	0.0	0.9813330274147662	0.000996232413547285	0.08821451132672035	0.0005779333334583923	0.9998084600445797	0.0021867694590671886	0.9400190195047238	7.226285773008874e-05	0.8679970407005809	3.945102575943874e-12	1.9808726599111828e-05	3.0822458843218157e-09
1.0	0.0	0.0	0.0	0.9810240231869606	0.000993491835906438	0.08929982641552509	0.0005782631730016709	0.9997947204457535	0.0021606002428965327	0.9409587855441267	7.276145504703631e-05	0.8652587302062792	3.969124862294421e-12	2.214000721793071e-05	3.041425369265827e-09
1.0	0.0	0.0	0.0	0.9466247042359103	0.0007232434369916251	0.21668767066406094	0.0006333142051660837	0.989606884170968	0.00028285818669326245	0.9861183908056523	0.00014022666218504426	0.701817480845497	9.446065717453058e-13	0.009994191605779234	4.34839105847769e-09
0.0	1.0	0.0	0.0	0.0013720126269750293	0.979295074325393	0.10677722020044741	0.0005929315737965345	0.0014159836066532552	0.9999995835331645	0.9942302141796652	4.928593934248123e-05	8.714558762426275e-06	0.9697888159413652	1.4323027421952792e-07	1.273949336814957e-10
1.0	0.0	0.0	0.0	0.9377196706312684	0.0007333585411879854	0.23970490230522423	0.000634426668298027	0.9881476800208456	0.0003259132085513274	0.987825228409648	0.0001421485726699943	0.6634769537161299	1.4195817538701837e-12	0.013679019757404454	3.952462910999211e-09
1.0	0.0	0.0	0.0	0.932688235424711	0.00073751300953707	0.25323294598583695	0.0006350868303298324	0.9869181258883291	0.0003408537581283452	0.988701157709228	0.00014374542474809762	0.6382601019822303	1.6932446477331618e-12	0.016323717462143505	3.857788889459675e-09
1.0	0.0	0.0	0.0	0.9259638325031065	0.0007420946667933925	0.27326894564998133	0.000635755915575103	0.9851104409573125	0.0003554303632603256	0.9898664444864363	0.0001453065845624322	0.6116158091126038	2.070128672281939e-12	0.02093300575183386	3.6951216277840985e-09
1.0	0.0	0.0	0.0	0.9196639280071689	0.000746412198106448	0.2903329820560014	0.0006365300776623887	0.9834635970809624	0.0003745528926783795	0.9905426935550412	0.00014709524711654985	0.5915154069471776	2.486448142955173e-12	0.025774792015070373	3.588570981267213e-09
1.0	0.0	0.0	0.0	0.7794719574301838	0.0046868133882050095	0.2749441362895974	0.0006135053500907767	0.996607541743331	0.024889239887989998	0.9962331730783993	8.233765237201345e-05	0.09729851919535522	4.090157842230671e-07	0.008473566798640154	1.8803098782562177e-10
1.0	0.0	0.0	0.0	0.8792520794308127	0.07468675087917546	0.1077137968321363	0.0005685334022693416	0.9987204700046234	0.4359457013241031	0.9761809136258408	3.943720052918817e-05	0.21442435331030765	1.959299968876612e-06	0.0001321210417166615	9.358271542364227e-10
1.0	0.0	0.0	0.0	0.8719199011527583	0.07982451912004249	0.10915202224190788	0.0005689241441368049	0.9984383382160023	0.4594827004595549	0.9769915821186367	4.0228902616711966e-05	0.2011065661391518	2.88200031299083e-06	0.00015254472088918665	9.373148161578827e-10
1.0	0.0	0.0	0.0	0.8551531543040427	0.07987166418904018	0.11644587920917931	0.0005701743294666454	0.9975096820537414	0.4546266978354734	0.9784268462151924	4.3345720743197505e-05	0.17774407471402354	4.558563715860154e-06	0.0002556924076701703	9.612129691157551e-10
1.0	0.0	0.0	0.0	0.8497444935591169	0.0872893554237725	0.11626685797794835	0.0005701104449152568	0.9972177154715351	0.49273439300752714	0.9787369537337529	4.2965063923804875e-05	0.1685517176165014	6.5907110643367e-06	0.0002625879530267958	9.246760815047915e-10
1.0	0.0	0.0	0.0	0.846613532261193	0.09497911021287336	0.11508524539979673	0.0005699050838815124	0.9970728963690298	0.5303819652488418	0.9790291188398871	4.219398029183812e-05	0.16300658832232065	8.945397348375013e-06	0.00025119947153389653	8.841767829696931e-10
1.0	0.0	0.0	0.0	0.8350123384587111	0.10062868788136158	0.11749024941584532	0.0005704155285557793	0.9961898145274563	0.55441676258279	0.9793644105562622	4.338682870438329e-05	0.1533194176358288	1.3570731639532913e-05	0.000300514248553122	8.974424890467513e-10
1.0	0.0	0.0	0.0	0.959543062991677	0.0015083707555193404	0.11719882027221852	0.0005810477019877318	0.9992506813914254	0.00557021801286074	0.959915196378862	7.801785190300403e-05	0.6869950716233582	4.972294464397783e-11	0.00014612749459338938	2.8505622551418254e-09
1.0	0.0	0.0	0.0	0.8330194093826151	0.096432710383331	0.11938377457840633	0.0005711392656540693	0.9961228460042768	0.5329827730188599	0.9801126796440713	4.4463046728652134e-05	0.15130663869176514	1.28382071647544e-05	0.00032386216831470273	8.9718696574153e-10
1.0	0.0	0.0	0.0	0.9543051041463523	0.00167172240969897	0.12186014381286983	0.0005812658441408329	0.9990942325754213	0.00672022718804953	0.9612360913614783	7.865180058481428e-05	0.652854161446147	8.271079498017053e-11	0.00018972696799050438	2.8325240965857207e-09
1.0	0.0	0.0	0.0	0.9638943862821377	0.0037450629393857996	0.08895055029376131	0.0005661258670663497	0.999589990314456	0.021195812259524306	0.9471311271760112	5.920278590623485e-05	0.708312822215106	2.0283924205062902e-10	3.232007147556779e-05	4.447640058950951e-09
1.0	0.0	0.0	0.0	0.961584140493886	0.004041119731841489	0.09053917382573382	0.0005664375800827247	0.9995217077311923	0.023029302603177357	0.9479517188329897	6.003472487988355e-05	0.686786829914617	2.666564352635401e-10	3.8424736242593214e-05	4.592356931415947e-09
1.0	0.0	0.0	0.0	0.9584015439200203	0.004538440113361462	0.09015166498712092	0.0005674944435051681	0.9993778212267462	0.026565413697052214	0.9467812681056398	6.494139900748252e-05	0.6616055523375054	3.83927488061246e-10	4.171242907521634e-05	6.15557656233257e-09
1.0	0.0	0.0	0.0	0.9553832722968937	0.004847532486490988	0.09261887568543954	0.0005677759901946878	0.9992493851817513	0.02826928513525632	0.948555003388907	6.556978596899762e-05	0.6375396092813337	5.079830253733732e-10	5.334607035366819e-05	6.091768159241043e-09
1.0	0.0	0.0	0.0	0.9588991915785142	0.006331400283504435	0.08626411952953314	0.0005656350234638999	0.9996120950550418	0.038967134076652477	0.9472422518727963	5.629382833992646e-05	0.6493848657831878	5.868717139782521e-10	2.243079750995271e-05	5.4725643762799074e-09
1.0	0.0	0.0	0.0	0.9570158277398946	0.007041244583602694	0.08710626074303424	0.0005654863679477312	0.9995876249543233	0.04416462796112142	0.947298480850158	5.538405284191217e-05	0.630647719553703	7.74102792439972e-10	2.4524631048917312e-05	5.323150004303962e-09
1.0	0.0	0.0	0.0	0.9463999608988672	0.006168917887734561	0.09778101839052156	0.0005684394534339693	0.9988578350667433	0.03635209345179001	0.9524956763388708	6.707084518046657e-05	0.5713569474533947	1.1723879033085937e-09	8.578443535879389e-05	6.390366548409002e-09
1.0	0.0	0.0	0.0	0.9422059468767249	0.006676760114568567	0.1001679797221046	0.000568916107568009	0.9986267804672995	0.03978306043221891	0.9551087405148259	6.827719304621754e-05	0.5435923002725499	1.6020978106624352e-09	0.0001052557473271331	6.605926742256413e-09
1.0	0.0	0.0	0.0	0.9375164164441471	0.0073317054028615635	0.10216048960716244	0.0005693677856671923	0.998311304244732	0.04364338956319111	0.9550379401220513	6.985671023567667e-05	0.51661464306637	2.2604565877650434e-09	0.00012703010662269714	7.097930989152061e-09
1.0	0.0	0.0	0.0	0.9325504172959735	0.00795884795301042	0.10425054973047171	0.0005698624896249234	0.9979246194497585	0.047681397418238194	0.9559678996832112	7.162610038705186e-05	0.4914907482084832	3.1109781698813267e-09	0.00015350922159353602	7.631110747086111e-09
1.0	0.0	0.0	0.0	0.9271522118362672	0.008461739501966525	0.10625496408565736	0.0005705154797767413	0.9973948947011391	0.05086823978340887	0.9560085421374087	7.440389782316806e-05	0.4702382585561064	4.097532058113517e-09	0.00018843126255594338	8.520832858267708e-09
0.0	1.0	0.0	0.0	0.00135024363904514	0.8971283118468271	0.3800698694112435	0.0007152762064836814	0.004120073013076642	0.9676905276582337	0.9723489565972165	0.0008605741438305613	4.55887241430813e-06	0.5858619997855578	0.06493247401786546	6.963465540765989e-07
0.0	1.0	0.0	0.0	0.0012236442233754799	0.918647966933684	0.36058914199557446	0.0007373407623724462	0.003312124150569124	0.9860725916677933	0.971625329488192	0.0010078499043143915	1.7585164602360359e-06	0.6202090635393108	0.04797915691536219	8.535610715024009e-07
0.0	1.0	0.0	0.0	0.0011291563123345173	0.9321306122583297	0.33869522258580526	0.0007624317115060576	0.0026686123871679734	0.994313134352269	0.9714220421481216	0.0011536800995244436	6.686703383907961e-07	0.6550459901437796	0.032542375404656904	1.0618754243058655e-06
0.0	1.0	0.0	0.0	0.0010540063976358324	0.9402082998660412	0.32637828418042275	0.0007924631039904757	0.0021387771894854665	0.9975787720507552	0.9712252047428502	0.0013467070489788244	2.4397438292436154e-07	0.6837377700961527	0.024048993830827817	1.3067923593278977e-06
0.0	1.0	0.0	0.0	0.0010016121248052963	0.9461855759157589	0.3171947891797678	0.0008132409299948801	0.0017618734096928187	0.9989684028080644	0.9714034154621317	0.0014892108895756754	1.0617795684658103e-07	0.7099683583501766	0.01763490759677064	1.3372814069181532e-06
0.0	1.0	0.0	0.0	0.0009631331121193083	0.9505063629596968	0.3076576839071777	0.0008334810217161059	0.001484893877282315	0.9995091105198207	0.9715426190673164	0.0016323798647164206	5.1851860046100855e-08	0.7326684275722776	0.013171118424524989	1.3964960309866338e-06
0.0	1.0	0.0	0.0	0.0009289790124764486	0.9541340509710972	0.29453778075079645	0.00086622974787219	0.0012410615429825243	0.9997480441364874	0.9707513550835605	0.0018586512625617941	2.3375425531290536e-08	0.7547895004868901	0.00920597789957166	1.6935061841054702e-06
0.0	1.0	0.0	0.0	0.0009105654246007865	0.9565942415103255	0.28396566372110044	0.0008861389769031994	0.0011146802273770688	0.9998390068470112	0.9697823944833222	0.0019971300695431054	1.4612815102503496e-08	0.7707305764560209	0.006934606539195725	1.8702179380081025e-06
0.0	1.0	0.0	0.0	0.0009151562114461479	0.9564159479326684	0.2906260306120158	0.0008653553330139186	0.0011525143194247417	0.9998392299604503	0.9711703507754887	0.0018579835065026247	1.7888357866336758e-08	0.7685603453960473	0.007696791530095694	1.4793371930975135e-06
0.0	1.0	0.0	0.0	0.0009217630798570208	0.9575526752694006	0.2796237938047221	0.0008563723582648211	0.0012181747618806075	0.9998321991022334	0.969602577243049	0.0018064502861084855	2.228928342797051e-08	0.776744866509055	0.006483297856140113	1.4664060986527106e-06
0.0	1.0	0.0	0.0	0.0009256237040891041	0.9590044177052164	0.27226852395268397	0.000843788892196183	0.0012770755217779237	0.9998411853281199	0.9690788837574617	0.001737612699497905	2.6655732566389744e-08	0.7867920450575066	0.00568260313742343	1.3329701356074185e-06
0.0	1.0	0.0	0.0	0.0009257628020540738	0.9593001139235723	0.2707423032439781	0.0008424851371437925	0.00128398009113069	0.9998436703877775	0.9687371259827648	0.0017310596512800798	2.7064589187865677e-08	0.7888745842778965	0.005517676589499075	1.3207773465803276e-06
0.0	1.0	0.0	0.0	0.000924945349052704	0.958371452598093	0.27605627300284524	0.0008470566409691228	0.001262171664684657	0.9998347613353461	0.9696910948300407	0.0017553309557091095	2.555986945912658e-08	0.7823976628448698	0.006121717397937867	1.3631210225188525e-06
0.0	1.0	0.0	0.0	0.0009304386270092847	0.9568526466722446	0.28406021648340324	0.0008451789909514711	0.0012903000226982954	0.9997992499443216	0.9697490216420769	0.001734536555828621	2.8149641092288556e-08	0.7721456060784734	0.007361735564645355	1.3574796974080802e-06
0.0	1.0	0.0	0.0	0.0009299658828504372	0.9556406248975378	0.2900803909373583	0.0008501441977743624	0.0012645978749670202	0.9997859094235133	0.9708959072760219	0.0017562344331429874	2.6488011743688537e-08	0.7638453105318579	0.00821852460359817	1.4042391969187056e-06
0.0	1.0	0.0	0.0	0.0009286402731893613	0.9563446959985492	0.28669174923874796	0.0008486508866579257	0.0012620362112906079	0.9998013122631824	0.9704805972773767	0.0017510571104742856	2.6300335068880363e-08	0.7684700621760964	0.0076296866092421655	1.3762450988749865e-06
0.0	1.0	0.0	0.0	0.0009299955640362499	0.9557227167378497	0.28967649966993514	0.0008498104123805116	0.0012662925980781922	0.99978682945828	0.9708144904322924	0.0017547815407871336	2.660171988119191e-08	0.7644047255403625	0.008158803956757615	1.4008279191492025e-06
0.0	1.0	0.0	0.0	0.0009282699165774085	0.9560608978797214	0.2910907029304738	0.0008475300477427987	0.0012637677060984792	0.99979741857716	0.9708085101751361	0.0017425704448511864	2.61699559224867e-08	0.7665165061490652	0.008270313794467708	1.3354819681880534e-06
0.0	1.0	0.0	0.0	0.0022262054974276687	0.9836609517726952	0.06990745737827447	0.0005995105426339667	0.00637542247920433	0.9999887693365306	0.898415902336088	0.00022531374812723534	1.812968919439146e-05	0.9850574422926082	3.5694631424089903e-07	1.506501203636089e-07
0.0	1.0	0.0	0.0	0.0012795750364763244	0.9255889236048489	0.1688886797959284	0.0007840095177504701	0.0009564927812450105	0.9988933237827915	0.9902193594847077	0.0008216343153630635	1.0390498276175166e-06	0.5134843520414388	3.979694348280057e-05	9.148271842028839e-07
0.0	1.0	0.0	0.0	0.0012547769983729492	0.9286832548608899	0.1581542836045691	0.0008123233691507866	0.0008851524788926033	0.9991397106931245	0.9891632170199401	0.000947309481709737	6.268166724732586e-07	0.53178011716649	2.4072564991807997e-05	1.7128595504095478e-06
0.0	1.0	0.0	0.0	0.0012526981035320588	0.9241287419543156	0.17282843849847987	0.0008012988065293915	0.000894298741599565	0.9989709203984509	0.9899694522580125	0.0009015204132290638	6.485613613474064e-07	0.5073541489024498	4.8325076636651813e-05	1.1749815816967007e-06
0.0	1.0	0.0	0.0	0.0021032445340893277	0.9839624205476059	0.07054242587327834	0.0005984430501007821	0.006068080234502791	0.999992108893515	0.9027035985726651	0.00021955434069690697	1.4961683362809092e-05	0.9857105622009517	4.134630295182824e-07	1.1655946049108578e-07
0.0	1.0	0.0	0.0	0.001705888292815919	0.9834716615551071	0.07406984005033315	0.0006089223097827853	0.005050550115446297	0.9999924302649381	0.9142641228261629	0.00027219431801240625	7.82741448775644e-06	0.9815378914380898	9.771383812321661e-07	1.3341445705023188e-07
0.0	1.0	0.0	0.0	0.002329853448550899	0.9842554295178502	0.0691128325053137	0.0005937383933113244	0.006543881993499159	0.9999926250128144	0.89716854043359	0.00019615280323254724	1.9594791734675155e-05	0.98767165072938	2.6839239335874284e-07	1.0341563560469434e-07
0.0	1.0	0.0	0.0	0.002333378827941726	0.9843569566565634	0.06865780470840636	0.0005936384007533386	0.006537263843129959	0.9999930247577796	0.8941666780319737	0.0001961891328386808	1.9227372826333463e-05	0.9882101283464341	2.3099367187953004e-07	1.0931915265935379e-07
0.0	1.0	0.0	0.0	0.001225094024287908	0.9193733022069712	0.19396595346666498	0.0008027602776678725	0.000847695141185509	0.9989534453483015	0.9906998663776997	0.0009120223695722515	4.398336070453906e-07	0.4838245615294121	0.00010977524303820619	9.205179786773366e-07
0.0	1.0	0.0	0.0	0.0011761472913834883	0.9292093605406418	0.14516333923918376	0.00097667632552951	0.0006666046470409218	0.9994173832022826	0.9860117772417998	0.0015740972825932461	9.317612014010661e-08	0.5451640034501888	1.4576647687371413e-05	1.1150528174355358e-05
0.0	1.0	0.0	0.0	0.0010821662937540119	0.9493481477661971	0.09501457446239367	0.006488161687987795	0.0003706820880393886	0.9998234001966689	0.9634162428464976	0.012151855415537562	2.9539030006384246e-09	0.7175026241014137	7.399661684695314e-08	0.002877856499951
0.0	1.0	0.0	0.0	0.0011481858453713041	0.9452295637408369	0.10735271629097001	0.0016020997393341944	0.0005413138035254955	0.999749601004645	0.9761320062232542	0.0034339752944193436	2.9324851587242253e-08	0.66443143395745	4.227245202136271e-07	0.00017472739506188773
0.0	1.0	0.0	0.0	0.0014357306410165728	0.9154105140024086	0.16218437740234073	0.0007549147274237143	0.0012468117083344716	0.9963096735592328	0.990600922693419	0.0006773290657313913	5.861816118604351e-06	0.4780238772907069	3.91497678723021e-05	6.179209173324124e-07
0.0	1.0	0.0	0.0	0.0011584268743143687	0.9403462560851332	0.1013515588488747	0.0031082430968352357	0.0005173815100712538	0.9994401678451816	0.9711136747402666	0.006618056789353627	1.7003434973722368e-08	0.6487959530364998	2.654579908325829e-07	0.0008997862069625034
0.0	1.0	0.0	0.0	0.0011176547278867641	0.9495657937501172	0.0998063024774962	0.0026078988575350117	0.0004555075747444583	0.9998345580692523	0.9718635135827436	0.005754410870583685	1.1255805824512532e-08	0.7066214812163824	1.213372650647477e-07	0.0006100675881535419
0.0	1.0	0.0	0.0	0.0011221545650116752	0.9516316392699008	0.09877593500737959	0.002377992449759203	0.00047214906652247947	0.9998593967106613	0.9717767737571275	0.005181336100123847	1.4415800296407489e-08	0.7227653145350045	8.796500939152332e-08	0.0005205862421308475
0.0	1.0	0.0	0.0	0.0010844853068139439	0.9505843667353132	0.0908764236603561	0.012819406804501934	0.00032939759604346344	0.9998268294212498	0.9580549829746025	0.020553081221459043	1.9080021563608066e-09	0.7340307962987088	2.477944480599502e-08	0.00665456031266761
0.0	1.0	0.0	0.0	0.001139363049370046	0.9498151025406018	0.0999571067518519	0.0021738599851719265	0.0005109874286003664	0.9998039700325686	0.9724825063148624	0.004692661127643951	2.0769986303861068e-08	0.7074081090699357	1.2094318119367405e-07	0.000432679806858348
0.0	1.0	0.0	0.0	0.0011682439397672777	0.9480393783362752	0.10310619118071922	0.0016307824825011268	0.0005749753127487358	0.9997498187307678	0.9745190663182095	0.003418095544217084	4.340384251685873e-08	0.6881495663976774	1.9338915250585632e-07	0.00020733035632528342
0.0	1.0	0.0	0.0	0.0012307675730562503	0.9383147932753607	0.10692178293423052	0.0015119742342940587	0.0006936974856250604	0.9991482266838647	0.9766094814240578	0.0029839034186718836	1.0792626690988198e-07	0.6237434881021948	5.193852009555713e-07	0.00017152291259099866
0.0	1.0	0.0	0.0	0.0014715424253019707	0.8352821801517953	0.11801677490666035	0.0015470020053432916	0.0011631872034072277	0.9555696797053818	0.9797111091224079	0.0029120142864322426	1.1319682415150935e-06	0.41041680978901174	9.186740102592108e-06	0.0002040099599320188
0.0	1.0	0.0	0.0	0.026327639369531756	0.9783462273649473	0.08717876520784473	0.0005651590506394248	0.06101548036778439	0.9998548278298852	0.9847782803602431	2.3416538301079927e-05	0.009139779371718093	0.9650656722433458	6.713083669912819e-07	5.976810389212617e-11
0.0	1.0	0.0	0.0	0.01966065779157633	0.9790158589514758	0.08697589389796437	0.0005657234880095173	0.04785661477146838	0.9998929099656836	0.9843464124574761	2.4781441036890506e-05	0.005522679174802327	0.9684671161586877	5.974117945630211e-07	6.945093098668742e-11
0.0	1.0	0.0	0.0	0.014775110256664543	0.9795608468419573	0.08695995793382881	0.0005664675222791201	0.03705001649687577	0.9999312869397131	0.9840595476694985	2.6373380288945015e-05	0.003316772026135912	0.9711338055019436	5.441935301724988e-07	8.075566665249525e-11
0.0	1.0	0.0	0.0	0.012306360623472774	0.9798375508359803	0.08722996580232864	0.0005670125345141865	0.031160347000088188	0.9999493305222109	0.984227877938088	2.7405852157619452e-05	0.002382150277795126	0.9722840213713716	5.448173977308057e-07	8.634447516565763e-11
0.0	1.0	0.0	0.0	0.009657515498180646	0.9802131669209807	0.08705051427259101	0.0005680404213690844	0.024523678739243066	0.9999682841604215	0.9835674109913192	2.9835320150363364e-05	0.0015040108080250452	0.9741558562194391	4.955806601669728e-07	1.1068902287548519e-10
0.0	1.0	0.0	0.0	0.016733706752777498	0.9780242164284425	0.08826799651902474	0.0005686267091825631	0.0401781848089262	0.999861985485578	0.9843487086470687	3.07424376567148e-05	0.0046143192931205335	0.961838689552192	8.777231697952167e-07	1.2551524238081483e-10
0.0	1.0	0.0	0.0	0.017048802469200333	0.9779165948961436	0.08806714041647716	0.0005688164352356467	0.04080309209716846	0.9998528046341618	0.9838917219004807	3.144044000576889e-05	0.00479647061414795	0.9613051664959008	8.811990640976469e-07	1.3865482938434404e-10
0.0	1.0	0.0	0.0	0.01651332354269181	0.9781498882012493	0.08787343952763982	0.0005686058138840519	0.039828894706661414	0.9998676404417222	0.9837912004984835	3.10218474942127e-05	0.00447459120457696	0.9627842659363973	8.218652075856977e-07	1.3349412861869364e-10
0.0	1.0	0.0	0.0	0.016596644720728162	0.9618054182708553	0.11883279975786894	0.0005934707208434476	0.03351855042266238	0.9984597641431272	0.9947064725373587	4.831693799770798e-05	0.003583506663391242	0.811662043530367	4.031025916419999e-06	8.315002739398791e-11
0.0	1.0	0.0	0.0	0.017011808729747255	0.9614341069677528	0.11918515444487668	0.0005936424182720678	0.03403632907934606	0.998360054960189	0.9947704694235352	4.844739091433991e-05	0.0035977165860073866	0.8084779479799733	4.171610055977015e-06	8.299242680603866e-11
0.0	1.0	0.0	0.0	0.018353725063857292	0.9606573187934603	0.11958368158278465	0.0005936960405431172	0.036187742020549744	0.9981010787177687	0.9947724845505276	4.848567189060665e-05	0.0037133065146073003	0.8027373622410805	4.514569448162232e-06	8.290270885280733e-11
0.0	1.0	0.0	0.0	0.06809838008681841	0.9298095814184801	0.12632316355491702	0.0005942197104742432	0.10532960529399402	0.9932174026071706	0.995198204151432	4.877454946257506e-05	0.0059374595148574665	0.6978422123440147	1.572987191979437e-05	8.154730870447127e-11
0.0	1.0	0.0	0.0	0.07357551684031081	0.925780671024289	0.12703819727753518	0.0005942438077398372	0.11301642521015881	0.9927273343907941	0.9952123426728839	4.8511777099090294e-05	0.006079741849634723	0.6904727257748728	1.6971546569775022e-05	7.91741058946847e-11
0.0	1.0	0.0	0.0	0.0689678122824919	0.9293782863043132	0.12692775847632223	0.000594165318177777	0.10685191331528233	0.9932013440139887	0.9952488703332412	4.8136074212371316e-05	0.0059114413335262985	0.6961441664189864	1.6056922818643024e-05	7.602226270289256e-11
0.0	0.0	1.0	0.0	0.08258947489045704	0.0007807743734268926	0.9951311697342102	0.0007034652472282554	0.10756903487021573	0.00038972471440455487	0.998446114988073	0.00040866795395394544	0.04120734396974541	5.98423959639166e-11	0.992952510072252	1.4870082639059932e-08
0.0	0.0	1.0	0.0	0.07049855516951255	0.0007790547067428816	0.9957791378983424	0.0007084031704297806	0.10114836816972594	0.00037751792563939007	0.9986612401967175	0.00043453179113324045	0.030771241112598286	6.01486720544461e-11	0.9944915860994443	1.7264513579850916e-08
0.0	0.0	1.0	0.0	0.07000617891522472	0.0007967311505392921	0.9952296845028846	0.0007002352904684009	0.10530217057820622	0.000462991638177449	0.9983323392646039	0.00042825000518089085	0.031624897982327635	7.515214925829362e-11	0.9935315423626195	2.0116334513714465e-08
0.0	0.0	1.0	0.0	0.011919782761208744	0.0007557311027450601	0.99814269099194	0.000906806397538027	0.03610090727157974	0.00016464361731528636	0.9999967353519938	0.0017399311656258944	9.262978743082796e-05	2.58177315229175e-10	0.9990772555477178	7.194286970885847e-08
0.0	0.0	1.0	0.0	0.011088203037579038	0.0007613915031419323	0.9981431659408947	0.0009212728250417809	0.03250590197823669	0.0001764050292928741	0.9999970740986569	0.0018456260906562503	7.981085423356196e-05	3.470197943667746e-10	0.9990808643245005	7.672485475858551e-08
0.0	0.0	1.0	0.0	0.01016646330623134	0.0007683005576130739	0.9981434078610995	0.0009395497569011066	0.028894275318864376	0.0001902862639403911	0.9999974437263387	0.001986107672658366	6.54862917577644e-05	4.800677928187118e-10	0.9990763414702271	8.354440833624369e-08
0.0	0.0	1.0	0.0	0.009307996426941925	0.0007826433878926223	0.9981687126570254	0.0009417184760342703	0.027096403767714227	0.00022906291605407237	0.9999975420767221	0.002052551209633993	5.3619823668804544e-05	6.787631538841091e-10	0.999001668958747	1.0158773155819119e-07
0.0	0.0	1.0	0.0	0.031636650589807164	0.0008786068834755344	0.9968787873534971	0.0007101146511874082	0.06528824333032188	0.0008903784258394365	0.9991227660328807	0.0005223448797018882	0.009424633894713154	5.532488161717908e-10	0.9964134149992618	3.7355841370759165e-08
0.0	0.0	1.0	0.0	0.007301380336734056	0.0008605959611784967	0.9983341904651719	0.0008897447637038181	0.02233493644841693	0.000521841096766053	0.9999970321393038	0.0017454100400186106	5.0287193565251347e-05	3.5808223625490425e-09	0.9988781936593834	1.256850109022464e-07
0.0	0.0	1.0	0.0	0.015069964529390634	0.0009201096960000996	0.9980244511147508	0.0007503647888395625	0.03394523518273423	0.0011133293322950317	0.9998170743836604	0.0006808319994146657	0.0024123591685756194	3.889186051522616e-09	0.9982033388140704	4.192625924971735e-08
0.0	0.0	1.0	0.0	0.015705707388426266	0.0010672592180810496	0.9974011185959136	0.0007200466811134233	0.03676150373619202	0.002065413591379476	0.9994813783282371	0.0005945592117880065	0.00352845096844039	9.674022923378679e-09	0.9966662043800325	5.49112201901303e-08
0.0	0.0	1.0	0.0	0.01312349516385163	0.0009629144163587966	0.9979068929746125	0.0007535902491432136	0.033293894917274705	0.0013743447205724268	0.9997861908376314	0.000744693019331904	0.0015994559208667419	5.195292338027713e-09	0.9977220235859955	7.532449507352784e-08
0.0	0.0	1.0	0.0	0.010522238182057317	0.0009966160811988082	0.9980193661714489	0.000770019003539255	0.027488001536576382	0.0015732393806708893	0.9998502991465075	0.0008391337661117574	0.0008897080553012841	9.92606944780165e-09	0.9978663941128105	1.0222401398042549e-07
0.0	0.0	1.0	0.0	0.007604020098991711	0.001249844620419579	0.9979967610584569	0.0007595559910682678	0.021317238816735782	0.0031880579928347742	0.9998323897896507	0.0008314136933173606	0.0005490974117989673	7.530717984170573e-08	0.9973755173789245	1.3724231346334788e-07
0.0	0.0	1.0	0.0	0.006287876471077311	0.001333088994089687	0.9980422147612559	0.0007771984598360383	0.01763885735532534	0.003681488041390784	0.9998626175647819	0.0009322435714769604	0.00031360960144788326	1.5231315719918677e-07	0.9973902907364128	1.8929630263740186e-07
0.0	0.0	1.0	0.0	0.002682531428031183	0.0010487123861477874	0.9982189142384559	0.0012994349986554926	0.005372501189304339	0.001171748296488359	0.9999979377870271	0.004963841705075654	3.0951093231591273e-06	2.718098346306232e-07	0.9984788871593114	7.388048076144843e-07
0.0	0.0	1.0	0.0	0.0024018429532398342	0.001066817289595819	0.9981730919436634	0.0014403460265183488	0.004139178134093726	0.0012197737325559568	0.9999975900065253	0.00603064363008645	2.041915201590697e-06	4.989770212295018e-07	0.9984682610590508	9.730019169080295e-07
0.0	0.0	1.0	0.0	0.002104594073465308	0.0011490056128328663	0.9981634564112679	0.0015388154959767618	0.003401831672089372	0.0015279188213571167	0.999997027213281	0.00678262251933737	1.2699617619000636e-06	1.1200893481817512e-06	0.9982943228519502	1.4495661068787521e-06
0.0	0.0	1.0	0.0	0.001935385837752217	0.0011760954783403756	0.9981179144375961	0.0017058587301889386	0.0027384147178109277	0.001587384686608531	0.9999962452316822	0.00804218764580684	8.49901143319162e-07	1.8107135410588e-06	0.998246587399582	1.9422184026479885e-06
0.0	0.0	1.0	0.0	0.0038151811140602608	0.002788420781596951	0.9953803555043975	0.0008079240827679125	0.008383155551772773	0.012519624076056945	0.9985590914767607	0.0010386399229957283	0.00017681065223212666	1.0052313847476978e-05	0.992873977308912	4.71727738976572e-07
0.0	0.0	1.0	0.0	0.003237102522663465	0.0031966548330876142	0.9956196666482919	0.000834973284035888	0.0069891730925340425	0.014267576678774195	0.9987347104512792	0.001182444033709063	8.22393508067202e-05	2.0839650117353585e-05	0.9928053356757253	7.272735286762535e-07
0.0	0.0	1.0	0.0	0.0027339214091192743	0.0041162735530633505	0.9952430933693059	0.0008641631790649299	0.00563477870272548	0.01797644381053959	0.9985456076192537	0.0013312539841132873	3.777017520225376e-05	6.175551067274592e-05	0.9919813324547497	1.133619897775116e-06
0.0	0.0	1.0	0.0	0.0013126690572482051	0.0021991502709439643	0.9979882932812879	0.0022029954025739548	0.0014996801546040327	0.00489150337915559	0.9999863446177079	0.011270757687012306	1.1620142900852858e-07	5.6484298547234396e-05	0.9967736132977691	1.1657596458520678e-05
0.0	0.0	1.0	0.0	0.0012235895780150546	0.0026921704906455613	0.9979092019443375	0.002441915324370581	0.0012372634910200319	0.005974286919580961	0.9999794032367204	0.012837051922648324	6.691374816555821e-08	0.00012857481052572453	0.9963032732772763	1.7191905915904875e-05
0.0	0.0	1.0	0.0	0.0012046914924806473	0.004702244048263475	0.9978204471465661	0.0020782687963227207	0.0014006088746622606	0.012064670864888362	0.9999579070566368	0.009613340910264742	5.8789276242841024e-08	0.00041491499014905954	0.9953578968851707	2.3414170278929516e-05
0.0	0.0	1.0	0.0	0.0011802978520382209	0.0036374375657966997	0.9976861308338643	0.002846134712846494	0.0008415652856423484	0.007907578334003705	0.9999263974887691	0.014167884196649775	2.6265341470322277e-08	0.0004663384211862602	0.9965338430553143	3.0906338517306734e-05
0.0	0.0	1.0	0.0	0.001065498428864033	0.012056953683657919	0.9973839654919193	0.002408107765250221	0.0010640156565258929	0.02502575482810033	0.999877702125658	0.011316716987603176	1.7797799801936735e-08	0.002898047540956659	0.9929501062735808	4.833748988453133e-05
0.0	0.0	1.0	0.0	0.0010903846313368873	0.009202567329775896	0.9971289735717727	0.0031014231700465552	0.0006705189628876493	0.015693025902272686	0.9997321562664646	0.014293866520353478	8.952964302106857e-09	0.003016371061988652	0.9945209911881101	6.407912541271745e-05
0.0	0.0	1.0	0.0	0.0009679627488858186	0.033422695317887725	0.9965154652736107	0.003027779455449485	0.0007813991287216725	0.06307018423691851	0.9996008568430543	0.014115186787576145	4.644153022611993e-09	0.015324858254570141	0.989450228967106	9.974550038956977e-05
0.0	0.0	1.0	0.0	0.002193770365750539	0.007267523659858285	0.9922019253555081	0.0021792320518104614	0.015565527827438341	0.03297891520739425	0.9998320366935969	0.006046218874740815	4.3477388625603385e-07	4.449104160777219e-06	0.9418246514610011	0.0004983092247950666
0.0	0.0	1.0	0.0	0.001717921718939301	0.0063320758295239195	0.9930828223536711	0.0032138645132297364	0.010605968472830308	0.026486371685793424	0.9998901985257259	0.009690002867127994	1.6785992248734576e-07	5.062487505192078e-06	0.9413939751254516	0.0008474821352427863
0.0	0.0	1.0	0.0	0.0015021851648384216	0.0019042162881760384	0.9965926849098963	0.004490266838467759	0.0034482345511367184	0.005056355738555552	0.9999046668340967	0.017130401399197314	9.939992820141302e-08	2.259426204343507e-06	0.9873007310816018	0.000533477316382797
0.0	0.0	1.0	0.0	0.0012429903126775302	0.0016897358251018297	0.9963453916166316	0.008394498631382937	0.0019228368377428597	0.0028226135673215668	0.9999012496979195	0.03729388023639656	3.7866680694519406e-08	2.191002863523496e-06	0.9860817069454241	0.0009131205167280131
0.0	0.0	1.0	0.0	0.0014780564346965968	0.002719854878947125	0.9963159963932001	0.0036811713456164443	0.003877348313300262	0.009414169421301612	0.9998750846234562	0.012970450595691	1.1086037512820012e-07	6.586765909463619e-06	0.9845249670429128	0.0005153269812680553
0.0	0.0	1.0	0.0	0.001433341243985441	0.002587363914321885	0.996335109582822	0.00410702879076532	0.0034751854521533994	0.008545170632876202	0.9998751527525652	0.014663521825112786	9.00231463203064e-08	6.559868475089576e-06	0.9847788774755886	0.0005832611677166492
0.0	0.0	1.0	0.0	0.012448032546234715	0.0008443608145057048	0.992196508550822	0.002598460287581505	0.08011455703228627	0.0005648552315211184	0.9992749667103493	0.006955054928378538	6.076368116566942e-06	1.2317743474504208e-10	0.9695976530995263	0.0003520588649183145
0.0	0.0	1.0	0.0	0.010633748559426608	0.0008684000077177594	0.9926040945208513	0.0028578362144541895	0.06791678801067298	0.0006602956870615496	0.9993604770232689	0.0075744529045065415	4.492004756898633e-06	2.0523619214980596e-10	0.9708150025853446	0.0004389109224579012
0.0	0.0	1.0	0.0	0.00544740367972197	0.0010967657120746614	0.9912733070651696	0.008224605418780957	0.053625390263743564	0.0009647713583966159	0.9999064385475731	0.01805328981745918	3.691465433953264e-07	1.961425730677737e-09	0.9176179491076707	0.002279184523679806
0.0	0.0	1.0	0.0	0.004687664730616773	0.0011648566746881382	0.9910694937146058	0.01001193502060631	0.04451564150333113	0.0012140873814567331	0.9998881942805677	0.019608042122534596	3.0425009184712654e-07	3.276694016744977e-09	0.9159358771306592	0.0032491851017401683
0.0	0.0	1.0	0.0	0.0010699162867428848	0.0032538084242401235	0.9948860855826431	0.012901265553676645	0.0011380127232057324	0.008988423578741462	0.9994312469270978	0.039652709646977716	8.752309315661448e-09	5.440053228495279e-05	0.9815455252483534	0.003016780352946031
0.0	0.0	1.0	0.0	0.0010294040747509568	0.0046892980871243994	0.9937609555806239	0.014779692326590247	0.0011571937699460353	0.014145054285155216	0.9990936091495894	0.039866874568472946	6.153093828589673e-09	0.00011428338816058508	0.9749166331532031	0.004570955583774597
0.0	0.0	1.0	0.0	0.0009983146041814379	0.02201276611367088	0.9871681804280462	0.01207029874642972	0.002425337561032905	0.07810794297269233	0.9981499893439573	0.026152178316082016	6.4629279187356416e-09	0.000438920478191555	0.9230002102759214	0.005748487659841604
0.0	0.0	1.0	0.0	0.0013051337361967771	0.031135306249996057	0.9396634323766889	0.005183270564669579	0.0030516952739052176	0.09355991219418705	0.9612108550102929	0.009005688704454276	7.059822159157573e-08	0.0019509466731036191	0.9145890842044018	0.002443125577561121
0.0	0.0	1.0	0.0	0.0012419265170137616	0.03648488877576084	0.9258663601626994	0.006679566008588922	0.002682679285651722	0.10284616958080929	0.9535379686919887	0.010656374657144868	4.015298099569152e-08	0.0028957385822516606	0.9015666095861983	0.0035951913422036116
0.0	0.0	1.0	0.0	0.000917358041502631	0.007138881073251178	0.9857814150525057	0.04752153269453792	0.0006099787307435826	0.0186183423167199	0.9935608206449644	0.08457879763179373	9.629178299461467e-10	0.0004971478192541992	0.9613246775755796	0.02379940801734183
0.0	0.0	1.0	0.0	0.0009145921738263037	0.019183530578160725	0.9719189909155738	0.041917589831707604	0.000695598844927578	0.04958697888790135	0.9834664274976067	0.06279231981540326	6.065280796878382e-10	0.00315826952843322	0.9486213422266103	0.024576151702784474
0.0	0.0	1.0	0.0	0.0009161616542836106	0.018780231167355457	0.9722130070080632	0.041978276146424756	0.0007015032045924899	0.04905082647188392	0.9836933303242061	0.06269869493112554	6.232023934073806e-10	0.00300402952304601	0.9487474059590518	0.024697121671756053
0.0	0.0	1.0	0.0	0.0009483294189762995	0.027387851547486936	0.9637116809244902	0.030907347711581316	0.0009028227554144403	0.07248446983538513	0.9778522750477843	0.04441884835319064	9.431842544113405e-10	0.004775783526917082	0.9424470364100571	0.019036081277128032
0.0	0.0	1.0	0.0	0.0009141398034623527	0.019558114729342595	0.9718178290791064	0.04156997824605353	0.0007030715213309457	0.05066338183690452	0.9835052166703816	0.062245363281458146	6.099472830694638e-10	0.0032042530456990338	0.9479725096988247	0.024463288384012353
0.0	0.0	1.0	0.0	0.0009108114528898441	0.020614980864131067	0.9711566623983395	0.0412707825680413	0.0006949879328084608	0.052405628151140464	0.983173178846962	0.06210795175065374	5.791496452452529e-10	0.0035476754850905594	0.947389477595821	0.024168589447709353
