1.0	0.0	0.0	0.0	0.9393978397168911	0.038920029956519525	0.0023619073104109846	0.00529945242905291	0.9969720203259934	0.24436274596643015	0.0024467221251646054	0.01083657581655779	0.6209933148176406	0.00047400872809692904	8.157508698056696e-05	0.0005587088705152541
1.0	0.0	0.0	0.0	0.9329096301604549	0.04778629917483158	0.002275555348729384	0.004940025353995902	0.9964214067706337	0.32471345858021355	0.0020763642059906822	0.010076328578984484	0.5707362643736624	0.0006772179323045383	7.141267823866198e-05	0.0005136586293468963
1.0	0.0	0.0	0.0	0.932873453853042	0.04765166345643683	0.002293258667867113	0.004922884670227176	0.9964418229264551	0.32496226972202946	0.002096841799119806	0.010000339006777808	0.5690732670902318	0.0006651202306720172	7.23409167253539e-05	0.0005078408159152569
1.0	0.0	0.0	0.0	0.939694693298665	0.0383169029091185	0.0023997155381407453	0.005267212409234885	0.9970136869251476	0.239912233581379	0.00251870855932625	0.010712915818577307	0.6222786782185143	0.00045492934040299477	8.403353181153405e-05	0.000547607731268376
1.0	0.0	0.0	0.0	0.9330988890289866	0.04766311220032034	0.0022922167265948526	0.0049237362768303405	0.996491915633865	0.3256102830246767	0.002091326203693247	0.010012835290002731	0.5694484473701943	0.0006568479334835928	7.223877863809322e-05	0.0005102867607943004
1.0	0.0	0.0	0.0	0.933065758068987	0.04737052566567847	0.002305236378292477	0.0049068531207862	0.9964678023898174	0.32219170357969784	0.0021235323211652637	0.009949860709859626	0.57069265186288	0.0006561212716438182	7.307134378917498e-05	0.0005050010371760144
1.0	0.0	0.0	0.0	0.9103827903497629	0.023790786919754062	0.0036215136184010407	0.012300647089304971	0.9959309267688946	0.12655575600209515	0.00451495548567936	0.0341337451088801	0.49265068242962257	2.4716049990940127e-05	0.0010230348873614995	0.003818518537845687
1.0	0.0	0.0	0.0	0.8871333652271344	0.07880726363865348	0.0028450649003522164	0.0036616793836612128	0.991985711230423	0.5408863268978873	0.002347315847685337	0.006696644309558612	0.19680118495934967	0.00041367864834199864	0.000400853781124283	0.0003592560532266369
1.0	0.0	0.0	0.0	0.2604292715122569	0.7761425442785155	0.0011009435304645228	0.0051080048797945135	0.42970655617915965	0.970034653115838	0.0004106895097049982	0.016052392247327914	0.0369097561183797	0.5785678250614493	0.00011696248441573707	0.00013433745229896952
1.0	0.0	0.0	0.0	0.9610710121457765	0.020491784336671735	0.001771035479611537	0.006992811234327519	0.999561917066896	0.07099835373584559	0.0017415359687635837	0.013703054551734921	0.8337454104519205	1.5483783368501083e-05	0.00019193371580928506	0.0009405173771388259
1.0	0.0	0.0	0.0	0.8514887891834428	0.02728632719372643	0.0021306073264050207	0.00627680711540455	0.9572437047918211	0.1562859034332109	0.0053076741355567916	0.006113555049782664	0.41861898696495514	0.002569373998225594	9.908981763830503e-05	0.0005655306812259635
1.0	0.0	0.0	0.0	0.8836582607763023	0.02849089063849105	0.0022113993451372818	0.005331392519737522	0.9760637784899178	0.17420521685291795	0.005417225870125425	0.004578234388553922	0.4514747469592995	0.0020597520681587987	9.926116146889992e-05	0.0003605483777735645
1.0	0.0	0.0	0.0	0.8815397486266657	0.01993269633728296	0.0022767279114303957	0.006340069195186292	0.9692141763630319	0.11515650509144279	0.006027658342507689	0.006343585978952591	0.460664183484168	0.0014010230949312217	0.00011716905817186789	0.0005908996284931222
1.0	0.0	0.0	0.0	0.9672871227167846	0.014780661201083761	0.0017697854860002726	0.009888302300990548	0.9997223719325321	0.04250860004334407	0.0017093094421232664	0.021062412749543905	0.8817270918727222	8.83139495110274e-06	0.00019487708258084484	0.0014480815852830101
1.0	0.0	0.0	0.0	0.8754668150468181	0.021982289361060007	0.002394794828029959	0.0058160750443305	0.96694196245894	0.12568643638339214	0.006426243553687794	0.005300900021445098	0.45610021914295573	0.0016846274842365863	0.00012312361489034	0.000481685041454811
1.0	0.0	0.0	0.0	0.8753027001124594	0.02198562880201854	0.0023935350302481595	0.0058071776602358965	0.9669833535887713	0.1257319446203059	0.006426408151351924	0.005288953515208492	0.45535931707152594	0.0016777999453328192	0.0001233309474212787	0.00048118186569854867
1.0	0.0	0.0	0.0	0.8762675766400253	0.022197172169179148	0.0024317960996873313	0.005688481474859584	0.9683286528169687	0.12726227859851744	0.006558081975044465	0.0050688522217642975	0.4565656902843624	0.0016895572753435272	0.00012611817454094695	0.0004510465807691429
1.0	0.0	0.0	0.0	0.8761520569353367	0.02224181517438353	0.002432702089185643	0.005676555233376757	0.9682101908650631	0.12762482120301583	0.006565943787043145	0.005048467360594377	0.4576581048335341	0.0017038447828221402	0.00012551141986864265	0.0004494098636238496
1.0	0.0	0.0	0.0	0.8805189807666562	0.028476758250883277	0.002123010381153381	0.0056094619279463695	0.9727389319016926	0.17297401047299596	0.005109876076693626	0.005108814659938779	0.4487315660318556	0.0022101180579879583	9.141879902958628e-05	0.00041888916026082206
1.0	0.0	0.0	0.0	0.8702632491447251	0.03179766447392889	0.0022075799772404755	0.005251272300408007	0.9677480960526704	0.18929710478200054	0.005365540582476286	0.004314977866891529	0.4341274772232589	0.002729675678927338	9.475215544926888e-05	0.00036270894235323884
1.0	0.0	0.0	0.0	0.8619029728877343	0.05589953009592789	0.0020201864009669066	0.004468991445274934	0.9712683015800666	0.3341728672791099	0.004197220894216743	0.003065571451851325	0.3820385473957381	0.005303124097970114	6.746897723336103e-05	0.0002071754949797433
1.0	0.0	0.0	0.0	0.8870452798689656	0.02893845959190526	0.0021976334373938066	0.005274917248362616	0.9740343576395369	0.1756569449209387	0.005326221460352075	0.004461796397179175	0.45742835540073024	0.002172360627329893	9.269068924660313e-05	0.00036687670189184773
1.0	0.0	0.0	0.0	0.9599332799096313	0.019926429952405653	0.002518774697505034	0.0044441795280952216	0.9995204572889665	0.07619077551037715	0.002651876847133637	0.00672418852295087	0.8162176356625328	2.2032119594249287e-05	0.0002377606504796475	0.0005306393255006237
1.0	0.0	0.0	0.0	0.9691337583721731	0.014794204600129684	0.0019195536778680293	0.02127443936283337	0.9998351608258027	0.036130813453834065	0.0023420886566943595	0.04987918615037121	0.893353214329291	9.067938442790099e-06	0.00014606781269001156	0.005839412075046834
1.0	0.0	0.0	0.0	0.9617912386917296	0.020943933391733508	0.0015879694326273975	0.008313768314779158	0.9994706043123641	0.07303040175449983	0.0013468268013992642	0.017902639791111976	0.8427687364910914	2.111633214691854e-05	0.00013899104727556645	0.001125135400641544
1.0	0.0	0.0	0.0	0.9523200496874656	0.005445985727741929	0.010136769921948955	0.010128446052327142	0.9972140287619439	0.020529737372684775	0.02910755775301696	0.012843518898201444	0.7277744046028364	3.9985776948222126e-05	0.0004774579549418003	0.002506508719347979
1.0	0.0	0.0	0.0	0.9772082526861537	0.007524716159557841	0.004368345060895268	0.01581411857758469	0.9999690575901335	0.01442204936780327	0.007294966488491966	0.03092496611684035	0.9476105912154347	6.323934567716537e-07	0.001264664609483268	0.004031557507973409
1.0	0.0	0.0	0.0	0.9770822148414097	0.007548381723972323	0.004310083929575707	0.016092752823366595	0.9999681164135003	0.014485259693345028	0.007148709806193115	0.03173081896289204	0.9467488188441487	6.437976345247193e-07	0.0012512220843828193	0.004076644975197865
1.0	0.0	0.0	0.0	0.9733146275503917	0.005522577519219559	0.005475260517307036	0.009970923044749658	0.9999425241670618	0.014573409682570676	0.009017055113127174	0.014699828404642363	0.9235571032783376	8.056377507227622e-07	0.0020707646179995444	0.002072926234834568
1.0	0.0	0.0	0.0	0.9677815502829374	0.014305166259878916	0.0031679082496895122	0.007450845712275728	0.9999048768912249	0.046305173729977576	0.004189947909378967	0.008822297916762565	0.8882878101243123	2.340500762491602e-06	0.0009584945679672692	0.001374182992628297
1.0	0.0	0.0	0.0	0.8368899041389748	0.10059122621213651	0.001385830565159395	0.007578712524203075	0.9802682943403624	0.4869275479555056	0.0008968724154398788	0.01655614346506014	0.34182446042232395	0.004761147979773128	3.949495024766229e-05	0.0008613153930678852
1.0	0.0	0.0	0.0	0.7789924332208281	0.12295509910386737	0.0017638130974021312	0.006593423126573705	0.9664251018807638	0.5763605546477371	0.0010827313440511983	0.01150364707465272	0.23990757351569794	0.007610641082315088	5.18165699379215e-05	0.0007805372807148241
1.0	0.0	0.0	0.0	0.9401209998227477	0.011057743382886035	0.00869628479305914	0.005266497959449996	0.9996055945825068	0.05074059792999819	0.017814433588420706	0.005122782535524518	0.7077121152338673	7.219674600830717e-06	0.0014437183639264732	0.00047496008740390347
1.0	0.0	0.0	0.0	0.579113754061608	0.4291609487134366	0.001162701539990643	0.0025806492730315023	0.784108363901962	0.9583852569318384	0.00048803375217651516	0.0017525819016866752	0.05610936491076842	0.2018420806003795	1.911761902541482e-05	0.00012446949977381206
1.0	0.0	0.0	0.0	0.7419026570596312	0.22843725834014936	0.0010532866516974196	0.003270082880118082	0.9436505990930866	0.9379665703363851	0.00038647035801218926	0.003622471467587395	0.07641036043263631	0.038935382753420296	2.468266326442479e-05	0.00020853986274076
1.0	0.0	0.0	0.0	0.8791392930711123	0.1258601203004713	0.0008879126453389596	0.0037787813859431053	0.9965068125616352	0.8794048031501563	0.00030331063722969614	0.006517352665436684	0.1568427004795257	0.0015689060235258103	3.290252951165683e-05	0.00035626574857551037
1.0	0.0	0.0	0.0	0.9664775786077903	0.015052548861897542	0.0020584319977205263	0.007934840899459911	0.9997497914068066	0.06794145813521353	0.0016703146673192266	0.020547303723223755	0.8318363973510199	8.912445095466692e-06	0.00020725487394294593	0.0007887004974882043
1.0	0.0	0.0	0.0	0.6319475309122684	0.614133842044328	0.0009102296738978581	0.0020348281589441584	0.8530402665784895	0.9907908621764445	0.0001547895387733917	0.0015779798376295408	0.04524491647210126	0.36290154948575654	1.0033050955975693e-05	9.463071037719285e-05
1.0	0.0	0.0	0.0	0.9385585910389249	0.05313761239992491	0.0015347467018894947	0.00612646247866221	0.9990514822501966	0.384686318275844	0.0008043542640744102	0.013747625360858716	0.5718147403256937	0.00011068536228189909	6.650496862720537e-05	0.0007622514645711971
1.0	0.0	0.0	0.0	0.9130521703712081	0.10619786255678175	0.0009255393983209495	0.0029094337647190445	0.9992825285088943	0.8353185403242958	0.00039779055689825784	0.00575823065644682	0.26332044826570306	0.0002935012844048035	3.331819576266635e-05	0.0002836945050857767
1.0	0.0	0.0	0.0	0.9592508465185565	0.03476727235752795	0.001177255787636834	0.00949161777404302	0.999735473506023	0.20089064586469185	0.0006894738841384815	0.028577503027227738	0.7764507443990561	3.617471134059275e-05	6.041969363988564e-05	0.0008865541955974849
1.0	0.0	0.0	0.0	0.9422272083256117	0.027134347499454946	0.007507834582035908	0.0029052987775900234	0.9991812775797164	0.18932122083538366	0.02084372713742064	0.0006825909683382194	0.6396475317764477	0.00021808097516042084	0.0001852209976560228	8.38202750222273e-05
1.0	0.0	0.0	0.0	0.8964580438344755	0.12496619613659024	0.0008899826903667183	0.002971497676853903	0.998477630071094	0.9042887938111528	0.00031688554660920005	0.006082476681819307	0.19112226073073624	0.0007268182871316843	2.603578272227531e-05	0.0002637743517397079
1.0	0.0	0.0	0.0	0.9072098306531093	0.0247013101578966	0.0073223190552176385	0.004851628594322704	0.9985965939247797	0.15028143517852552	0.01809617245879721	0.0031817985256903576	0.34910276104135063	3.9088395488646256e-05	0.00045197306295752883	0.0002454477473698511
1.0	0.0	0.0	0.0	0.9450914797947629	0.020402114632290285	0.005161448388051507	0.005078518218817816	0.9998545976179039	0.07789872719801372	0.009975534304842803	0.004319802153742612	0.6617146762066577	4.359431814624289e-06	0.0004911939479659912	0.0005509639208127058
1.0	0.0	0.0	0.0	0.9714860073731393	0.009425828059304074	0.006022053917914548	0.003270458738796198	0.9997242463007039	0.03539729272895707	0.00954769424165925	0.0026516351617746937	0.9031502898896351	8.440393548221616e-06	0.001501313677528046	0.00034077673295961525
1.0	0.0	0.0	0.0	0.8343246101134372	0.1523321505527092	0.0013285457378609576	0.0020713271092744627	0.9952939957720636	0.8601911759769675	0.002093886482106379	0.000879901224906565	0.13891514506749258	0.004735278100442233	4.5284594745820574e-05	7.259091329753461e-05
1.0	0.0	0.0	0.0	0.9406937485309436	0.050290087455136454	0.0010417610893541126	0.003892394752234257	0.9994749775301118	0.3098345650018344	0.0009434683177182223	0.007318158834317955	0.6073890802615957	8.205058728467345e-05	7.118734639332872e-05	0.0005035622849292585
1.0	0.0	0.0	0.0	0.9361525358089043	0.05542515107688754	0.00101402138811631	0.003770523908268716	0.9994058118017376	0.3636629726599146	0.0008980394621040478	0.006979912752959115	0.5680834443741177	0.0001018994829079471	6.581940024792907e-05	0.0004849049986801122
1.0	0.0	0.0	0.0	0.6875252103418882	0.3088534858075023	0.0013213314611657913	0.001932309788937319	0.9639291724991546	0.9463405727382677	0.0020160194202692083	0.0005746567621221484	0.06265853512195822	0.05087785764229039	3.8737504973811286e-05	4.061469606623955e-05
0.0	1.0	0.0	0.0	0.010464160477177261	0.9686294508495418	0.0010993794632996857	0.006199207877898834	0.019189030603145495	0.9984445407984956	0.000282595113802802	0.01711538876691107	0.0026631933478226586	0.9414637318879373	2.717726377467992e-05	0.0010947905180167337
0.0	1.0	0.0	0.0	0.015526458217745448	0.980376972657931	0.001348135452952388	0.0031675584329773354	0.026082255921751563	0.9988992841094773	0.00024337170712746052	0.005061461359952322	0.004887714821349905	0.966444142118833	2.0626478051081795e-05	0.00019234128677735022
0.0	1.0	0.0	0.0	0.013573907520051238	0.9914495493788461	0.001389907137476514	0.00313897226764564	0.027045768725812686	0.9995738814958514	0.00027503652634570225	0.003962826053664121	0.0037343302745321875	0.989542338968582	3.6629825453000885e-06	0.0001267692124165678
0.0	1.0	0.0	0.0	0.013434749517543428	0.9915176175158801	0.0013833944974320587	0.003153561621048475	0.026953289737257958	0.9995775641571296	0.0002707110267360865	0.004001789138788051	0.0036856355902119995	0.9896765982528382	3.613929230243216e-06	0.00012874843357055368
0.0	1.0	0.0	0.0	0.010912217596929175	0.9921825413021045	0.001371170725298586	0.002719448013939818	0.022454143633789943	0.9996433784535119	0.000324302117739097	0.0027894190279447954	0.0030368574622179	0.9913991399218138	4.5824084458590434e-06	8.4893916152751e-05
0.0	1.0	0.0	0.0	0.0020112773034190123	0.9938993565772022	0.0021919135033393483	0.0025052688534047424	0.006270216260205247	0.9999697793637744	0.0009806962081952187	0.0016155291063723455	4.5731921923187185e-05	0.9930116473363506	3.576535324040139e-05	3.0335444697152725e-05
0.0	1.0	0.0	0.0	0.004461131123941276	0.9932706724522639	0.001655017727481454	0.0021984525432409414	0.01488632943913382	0.9998395258377968	0.0004982484814017451	0.0006694957064089812	0.0011909209633777752	0.9937034153826032	7.641887620676712e-06	1.233855866318261e-05
0.0	1.0	0.0	0.0	0.005961198242371683	0.9936260265336093	0.0015408186941381046	0.002103109058617339	0.01657667408913356	0.9998021876722806	0.00035646053266434087	0.0006496660271287559	0.0019813127530614308	0.9956862746148755	5.846796662850453e-06	1.2743700758837976e-05
0.0	1.0	0.0	0.0	0.007852890832283285	0.9917097305442961	0.0010009570726115982	0.0036696151424208618	0.03118846427000036	0.9996360484760402	0.0003033540028113943	0.0038760313800966315	0.0016389731077275985	0.9750242229058919	3.779751699913966e-06	0.00017056485404256462
0.0	1.0	0.0	0.0	0.007935069034476598	0.9916931776089317	0.000997388435189837	0.003679729319687135	0.031207649426385	0.9996291597747627	0.000300913735546629	0.003917121790297741	0.0016590183128394299	0.9748191410234286	3.7752302477344563e-06	0.0001710768662488434
0.0	1.0	0.0	0.0	0.016210851081866498	0.9884797929460225	0.0009634124404379872	0.004395783369383421	0.0573724137775376	0.9982482092418604	0.0002372572017012337	0.007412008141045645	0.003800062531492598	0.9522599816789318	5.193528928733e-06	0.00022374134759983472
0.0	1.0	0.0	0.0	0.03743543775980189	0.9600853442852406	0.0010313068950798404	0.004506746943835235	0.06480568595499257	0.9981488052037778	0.00027135810472559443	0.009421042751804897	0.004593736267520108	0.9327767574931971	6.299066598533866e-05	0.00015789983367255192
0.0	1.0	0.0	0.0	0.021640612655581017	0.9851574204115583	0.0009721750285389954	0.004469764578215825	0.0741967810476413	0.9970624885817544	0.0002647518612872467	0.0077512823916134205	0.0059682168388926525	0.9394346976212051	5.864441560426309e-06	0.00022826116175642062
0.0	1.0	0.0	0.0	0.17359889623663516	0.8596036971779503	0.0010222180990983336	0.005310283978607849	0.3144408460456748	0.9894244866150733	0.00033163261108120414	0.016884149029083532	0.021039075620285935	0.7137609910203899	8.125807017878363e-05	0.00014190861403755612
0.0	1.0	0.0	0.0	0.0024085731144883513	0.9919651111337715	0.0009025940657674494	0.004105848350778616	0.0039037804769215694	0.9996486566995518	0.0004919591539074653	0.0017384727733038923	0.0003751871723336675	0.9931360080662959	1.0492633863023671e-05	0.0002088805403035568
0.0	1.0	0.0	0.0	0.003993968144516604	0.9690081852617587	0.0008640460705820944	0.014516068914994708	0.008524006520616008	0.9893550093731116	0.000628099774730715	0.02013877302301877	0.0009332669201405515	0.9477578681820138	2.0204414206818182e-05	0.004520965406827191
0.0	1.0	0.0	0.0	0.0033323093567825175	0.9713326266779652	0.000815766294329717	0.017871701977736163	0.006998601459930063	0.9913105426309041	0.0005293561332755887	0.027712816172268777	0.0006271604898725117	0.9512780953068994	1.585065906470731e-05	0.006073226787205713
0.0	1.0	0.0	0.0	0.023551277124614058	0.9786666769925687	0.0008053745641709187	0.0034313008262485995	0.04198831344270483	0.992316159038987	0.0003315511113455819	0.003100647664021354	0.008958854537374772	0.9653373528835664	4.097646846013299e-06	0.0004872265684080088
0.0	1.0	0.0	0.0	0.020673937269213356	0.9808385520929915	0.0007998290828193002	0.0035232883098595845	0.03667141003307025	0.9934899910890613	0.00031153307927809983	0.0032674674508056454	0.008338979477625495	0.9683732851006758	3.848902922829849e-06	0.0005189243045272047
0.0	1.0	0.0	0.0	0.013028694858477803	0.9937106423483092	0.0008572570671788393	0.0017911813765402048	0.021250320180957582	0.9989316966408978	0.00019407041485544843	0.0008221517606339306	0.006402270150946004	0.9962100269420362	2.9480859606830733e-06	4.4711954084436075e-05
0.0	1.0	0.0	0.0	0.006785323267325922	0.9919292520380815	0.0008130488548687886	0.003937021999182233	0.012904013248290694	0.998835928343462	0.0002337661856961169	0.00249034428172718	0.002859366042941658	0.9938260097863697	4.628404247365253e-06	0.00018150538176689305
0.0	1.0	0.0	0.0	0.0011387377837439048	0.9893399983605365	0.0009582167880546801	0.0126986258967659	0.0009735440508848889	0.9992638263616689	0.0008922679149677357	0.013130284484222078	7.435772563600125e-06	0.9790648279338935	4.6495017310981344e-05	0.0006431099897028933
0.0	1.0	0.0	0.0	0.0021576286632535987	0.9944669087299529	0.000741758796101114	0.0036326879510360515	0.0035500730023866616	0.9995933719268529	0.00030228593531370746	0.0018643713098588197	6.874397485601342e-05	0.9933738414101965	8.602346879488814e-06	8.276141817910495e-05
0.0	1.0	0.0	0.0	0.0008636275603810702	0.9906115386986042	0.002265995034168094	0.007632688884884245	0.00013199154246688812	0.9999323358409503	0.0022248220158802446	0.0011755276278877299	8.472244241035227e-08	0.9929985897681752	0.00018525344792467524	4.03177263096208e-05
0.0	1.0	0.0	0.0	0.0008475789812402169	0.9909790884489108	0.0023266283313945393	0.007430739187267168	0.0001162021931388519	0.9999431290690148	0.0024053973262412147	0.001038258831916673	7.261314700678559e-08	0.9935403035930561	0.00020064150261425677	3.373626188035535e-05
0.0	1.0	0.0	0.0	0.0009093741773382576	0.9910839322332928	0.0016292085669627392	0.007891857422395638	0.00022994275982892327	0.9998510593907892	0.0011022278075426886	0.002088703167778139	2.4937682687424086e-07	0.9926569030297107	7.34391558403492e-05	0.0001163260829161495
0.0	1.0	0.0	0.0	0.0009106668627101273	0.9910669458359549	0.001622284431898791	0.007929989426959352	0.000230519624216911	0.9998499427661361	0.0010930469536981078	0.002120381758151164	2.4973098745895187e-07	0.9926207349536934	7.287683789229083e-05	0.000118324405443239
0.0	1.0	0.0	0.0	0.0008679189058987507	0.9914017395703845	0.0020002701110144274	0.0076542585415846605	0.00015733954471223302	0.9999322375053614	0.0018205708863662572	0.0017206248244879857	8.872639095517378e-08	0.992900398753847	0.00015334029805792992	8.618897989938926e-05
0.0	1.0	0.0	0.0	0.0009123631153680745	0.9905109131041554	0.001699267658241597	0.00863690729634113	0.00022384336964423416	0.9998476131050574	0.0012297069712520485	0.002887242349900559	1.9080058827043793e-07	0.9912919635568312	8.176534116487837e-05	0.00017340842661818954
0.0	1.0	0.0	0.0	0.0008742510087493427	0.9903444317470228	0.0020391542753511504	0.008984542540050062	0.00014769501389651083	0.9999239345909412	0.0017636408143660084	0.0033743925578264026	5.194681700389004e-08	0.9904339464814848	0.00015170074274964594	0.00020608181176315617
0.0	1.0	0.0	0.0	0.0009803649212735384	0.9282762987894824	0.0018417282900481695	0.07566624032696932	0.00020223313998988173	0.9867647243450549	0.0017558571262155322	0.19275918592162175	6.970743326245386e-08	0.7232121607609482	5.263105660219492e-05	0.013287413503349513
0.0	1.0	0.0	0.0	0.0008750665910456662	0.9899969117607966	0.0021003603398554757	0.009115282950684346	0.00011126296935445706	0.9999404768358627	0.0017120812135068943	0.002713738542874151	4.277022000047821e-08	0.9917230124960154	0.00015786450532229474	0.0001280108003619152
0.0	1.0	0.0	0.0	0.0013382018086897356	0.9895466935678897	0.002508676504851362	0.0033159714742965656	0.001358344771395931	0.9992318921073674	0.0007899191397278876	0.0005913612570148457	6.681420279265119e-05	0.9937136189260478	2.4467241443671803e-05	3.447389276024924e-05
0.0	1.0	0.0	0.0	0.0010013310029122603	0.9765928449342097	0.005119035225065691	0.004585032334618477	0.000909897714166784	0.9969201354444043	0.0037563663212932764	0.0007972707538245158	3.79273773696082e-05	0.9660711318897798	0.00024333514054820997	6.744476060600328e-06
0.0	1.0	0.0	0.0	0.0008539261735542477	0.9428002840229269	0.006729473361603116	0.005571659863099553	0.00021062488638502985	0.9879778151090071	0.0039006238946943275	0.0030807093967552615	9.358986056955857e-07	0.7994674616075014	0.00021145567766148684	7.19119750987881e-05
0.0	1.0	0.0	0.0	0.000916335581342553	0.9779070650012083	0.002469544625819649	0.0059564230029884755	0.00036777391159899324	0.9990504816111587	0.0006453016665319261	0.0036592663395908025	6.237697917800023e-07	0.9380046591269876	3.0247111437219363e-05	8.454031130129042e-05
0.0	1.0	0.0	0.0	0.0011460478295582648	0.9589284267204452	0.0024787659768106475	0.02664392245996861	0.0005395255328009263	0.9898519433519879	0.0004842602384996209	0.06046001881503942	1.0491513221497746e-06	0.9261279824292761	2.8102862054014157e-05	0.007666903069251345
0.0	1.0	0.0	0.0	0.0007251479806305211	0.9495573624343063	0.007502730705553002	0.02169605381203682	8.032519883050893e-05	0.9908902963872744	0.005802213758784652	0.06710390758419375	3.6649675642716506e-07	0.8568814322277593	0.000529289502407945	0.004403983204760779
0.0	1.0	0.0	0.0	0.0018274351384293397	0.9916071583767074	0.001778615939795097	0.004691205609526736	0.0015158851043308844	0.9999224776754428	0.0011829262456798683	0.0003473292244846753	0.0001496352578996678	0.9974684732581865	0.00010105776999769177	3.1884696259817297e-06
0.0	1.0	0.0	0.0	0.0007202909865676975	0.9679627245320765	0.01652292572216235	0.040763503434502364	3.510684651630753e-05	0.9997350977286849	0.03211692980493304	0.14258888758916796	4.608160699679299e-07	0.9023443474796675	0.004883898403838154	0.002047156592103712
0.0	1.0	0.0	0.0	0.0008468082577414672	0.986570035559416	0.020912239717536935	0.007056811541194749	2.046371609182059e-05	0.999976594625122	0.03307707516890481	0.0006980188675517462	7.889874113789986e-08	0.9963989972276898	0.005306758272751354	2.1655348712923604e-06
0.0	1.0	0.0	0.0	0.0006597937634288104	0.9760435549938019	0.024927127377755487	0.007452783379726743	5.985960517493091e-05	0.9991056647166684	0.05406506762584066	0.005421968356464381	3.167616600795016e-06	0.9500944429328713	0.002483323125088168	2.368573028531924e-05
0.0	1.0	0.0	0.0	0.0008077989968709576	0.9797481795146536	0.004241026800074627	0.019243269010595615	0.0001598950713549057	0.9993854531355852	0.004083125474049028	0.020075706021847217	6.737654950947675e-06	0.9810392609722475	0.00026265380376521157	0.00010969401262344076
0.0	1.0	0.0	0.0	0.0008661105715946531	0.9728801389918175	0.03278112474854719	0.011989123726359026	0.00016645303129298692	0.9975969106615029	0.048306242314974455	0.003960661963367817	1.3265489795312136e-06	0.9671388465380069	0.009820749898348198	1.860614040148504e-05
0.0	1.0	0.0	0.0	0.002655941665425356	0.9007752142887716	0.004357936766675385	0.041566912400895835	0.0062922863708497435	0.9778026621045879	0.0025359933295999713	0.09479229432278785	0.00020844643162912273	0.5803482202543957	1.1651414902391565e-05	0.004570443955385642
0.0	1.0	0.0	0.0	0.0008749511174268168	0.9868594571682311	0.007251289094819928	0.004991628821465151	0.0001590786963280843	0.9998194797599277	0.001798484509945901	0.00026350632967318127	6.791538515583533e-07	0.9975180650973174	3.735091732360043e-05	3.9010339478218845e-06
0.0	1.0	0.0	0.0	0.0017356110030948264	0.9670995985853014	0.006316747651605378	0.02950204466141155	0.0009176243533882024	0.9995375404173854	0.0021163540848318746	0.04471748481177931	3.2133380203281274e-07	0.9393037203242665	8.428731666401707e-06	0.0025042176126859844
0.0	1.0	0.0	0.0	0.001163282506384188	0.9623505163850079	0.025513926722140295	0.010628067707191413	0.00031974182342416307	0.9984421718045241	0.04824088390715918	0.004078038529392796	8.9315180493126e-08	0.9190050723976134	0.0009602670339810903	5.74217830965959e-05
0.0	1.0	0.0	0.0	0.002273189997727256	0.9871145927536994	0.007380717581431327	0.0035707770125334285	0.0036997294962552944	0.9989744843087	0.0010830313567635262	0.0002712389341497476	0.0002809839662707847	0.9940429234586524	1.4226691751486703e-05	1.781015960627309e-06
0.0	1.0	0.0	0.0	0.003984944369147708	0.9384290019664209	0.016768473404240206	0.0034459057399889555	0.009703425242696954	0.9811891687960005	0.02225981106204329	0.00012706832577776052	0.0007996280263582155	0.8120775515751236	0.0013054861715481138	5.041014145908185e-07
0.0	1.0	0.0	0.0	0.0008215954309873618	0.9757553768400841	0.05856233541426581	0.0036605584454630588	0.0009757139110436813	0.9998826629795194	0.13901000410027076	8.178184167863102e-05	7.497936374152066e-07	0.9245575289069735	0.015698467482015598	3.0550832199142473e-07
0.0	0.0	1.0	0.0	0.00335127872165427	0.0005525148337396219	0.9919115235174643	0.01912470516333242	0.008851335721297184	0.00020540344441448443	0.9992759411938889	0.0631355397344259	0.0009316197158232588	2.649362558108762e-07	0.983912005251943	0.0005577339581536039
0.0	0.0	1.0	0.0	0.016988166505697865	0.0005472618143676581	0.9887070238644022	0.023576129378161604	0.048794084291376966	0.0001290285491144888	0.9965896493313035	0.0744381864956927	0.0035263252222037375	9.432977628909587e-07	0.9823918011981464	0.00017521382816202772
0.0	0.0	1.0	0.0	0.0014236598320847256	0.0006235364786327244	0.9974458991246291	0.005642703558930945	0.005417593487344376	0.00019758228096962657	0.999947364525507	0.003256332352592591	4.5003130872056596e-05	2.9306651420363022e-05	0.9984804483630578	2.879677264055689e-06
0.0	0.0	1.0	0.0	0.0016404759322526884	0.0006213335659446024	0.9975572276757818	0.005228923482933129	0.006506519388871335	0.00019376052976089912	0.9999509858412402	0.0024489514346317824	6.327161231441666e-05	3.074794587450979e-05	0.9986247561958296	2.17081097317686e-06
0.0	0.0	1.0	0.0	0.0016528670066425725	0.0006216342966671279	0.9975693750197203	0.005195879047523054	0.006550256349211702	0.00019497911072315207	0.999951758266833	0.002370502116628058	6.463706664153459e-05	3.098192475292586e-05	0.9986398818857061	2.1141500338357233e-06
0.0	0.0	1.0	0.0	0.001568335249996801	0.0006254945922012461	0.997546185858425	0.005280608380944192	0.006279754030577681	0.00019942968721197184	0.9999489712224741	0.0025588640144698846	5.702475106582321e-05	3.170188382103533e-05	0.9986036421367019	2.3223733830001877e-06
0.0	0.0	1.0	0.0	0.00155248632920024	0.0006263747749477565	0.9975323211847741	0.0053122428220845706	0.00620004889008022	0.00020054600370601918	0.9999478732156842	0.0026313244882125173	5.501312128477421e-05	3.1880044250835993e-05	0.9985838183967956	2.3792360781206385e-06
0.0	0.0	1.0	0.0	0.0016596960064440079	0.0006280489761527185	0.9975887565730512	0.005135236169474288	0.006773153101567561	0.00021026502186507906	0.9999522656320303	0.0022601345500105506	6.218030466239223e-05	3.399097302640437e-05	0.9986464632690137	2.057727602062587e-06
0.0	0.0	1.0	0.0	0.001385154266628034	0.0006463287049890943	0.997301536920106	0.005782882483872391	0.005289960796985493	0.00025548867718268265	0.9999271834847631	0.003617714674810318	3.725330114348572e-05	3.372380901647564e-05	0.9982921297978464	3.419276103740815e-06
0.0	0.0	1.0	0.0	0.0015769753363719483	0.0006390014809183233	0.9975487840124555	0.005175478001755132	0.006519957151480833	0.00022941092809327656	0.9999454377119094	0.002313676632698706	5.414619563830574e-05	3.660783643966583e-05	0.9985850918480064	2.183046213839942e-06
0.0	0.0	1.0	0.0	0.0016072120418026189	0.0006277694254060042	0.9976038004569083	0.0051635764877847766	0.006516235549791123	0.00020828387994414207	0.9999537015858055	0.0022715126811945993	5.675864336781308e-05	3.437233111051565e-05	0.9986578507800765	2.0852768384640426e-06
0.0	0.0	1.0	0.0	0.0016031406768661134	0.0006273011398209093	0.9976022126299104	0.005178195520351698	0.006475481174561705	0.00020678479196653448	0.9999540560435116	0.00230906378005977	5.6260710585543985e-05	3.430298500584844e-05	0.9986546602744083	2.0986011286907553e-06
0.0	0.0	1.0	0.0	0.0006347296618958417	0.03249865654806443	0.9652221586726514	0.009167711880038471	6.44460460340265e-05	0.05493400526249129	0.9894788531504597	0.015354417877269792	1.4906761423276383e-07	0.01046723092124231	0.9353261217435787	0.0001517954598145166
0.0	0.0	1.0	0.0	0.0012041314877908945	0.0005585894776182976	0.9975272986762618	0.006455958485604167	0.002210164988644946	0.0001761266989383067	0.9999869658686189	0.005790604826971675	6.926715383649137e-05	6.319957178396671e-07	0.9982821273158642	1.6924136629608166e-05
0.0	0.0	1.0	0.0	0.003036693837079762	0.0005991475252362806	0.9974565159976722	0.005409482815715563	0.006187119284528471	0.0003832860484396707	0.9999833881113418	0.001997544517597135	0.00022242008545065044	2.302026687795511e-06	0.9980873736654862	2.781494062125167e-06
0.0	0.0	1.0	0.0	0.003188815318255395	0.0005998755195725073	0.9974992222721305	0.005318409367821167	0.00644880054617696	0.0003868207442910971	0.9999837752277382	0.00184675221155072	0.0002356454158849745	2.256155729318864e-06	0.9981594174452867	2.5798613457950293e-06
0.0	0.0	1.0	0.0	0.003147285003637099	0.0006008777183500105	0.9975092349310097	0.005310254166746916	0.006369126644339881	0.0003906593015150511	0.999983842314458	0.001800411117631374	0.00023507370022019102	2.4516671466425645e-06	0.9981813584304389	2.5229197015286386e-06
0.0	0.0	1.0	0.0	0.0029808795009585967	0.0007512318278467239	0.9975613240819643	0.004482230701157627	0.014629796262874365	0.0004743539631846935	0.9999427741737591	0.0007230240158576873	0.00023800034262193306	9.962802781779993e-05	0.9985732043310506	7.85145719741564e-07
0.0	0.0	1.0	0.0	0.00783106277823926	0.0006345564567054317	0.9976789750443762	0.004500772669742334	0.014081328715857613	0.0005858266779393848	0.9999814409489285	0.0005277542566706977	0.0007585752109439541	3.1971107602081185e-06	0.9986299784375717	7.981267062718796e-07
0.0	0.0	1.0	0.0	0.007794330590756667	0.0006341699818641219	0.9976811469714464	0.004504127456216584	0.014047600026434568	0.0005821265348619711	0.999981558536326	0.0005357850988210854	0.0007497257939712544	3.1841791246018093e-06	0.9986269800516063	8.074960223870052e-07
0.0	0.0	1.0	0.0	0.004468552444985736	0.0008439185174386849	0.997635591963544	0.003887854213592313	0.02012760865630044	0.0008020763688944678	0.9999287678492553	0.00023037290502823346	0.0005081129673234817	0.00012229775146635076	0.9987147093567144	3.6102837279887565e-07
0.0	0.0	1.0	0.0	0.008071143757830962	0.0006366206298325765	0.9977127260522798	0.0044432300044493	0.014497425018114431	0.0005920231199181231	0.9999821090074759	0.0005029243242974268	0.0007794949613390339	3.246970056846637e-06	0.9986589877125264	7.697167190975968e-07
0.0	0.0	1.0	0.0	0.00724963832603408	0.0006344501404372628	0.9976170908271238	0.004597228251881534	0.012994187279686433	0.000575138031888946	0.9999809830190333	0.0006589184545872983	0.0006364576933684792	3.487163327246212e-06	0.9984821403755259	9.363686104696485e-07
0.0	0.0	1.0	0.0	0.010864304569161739	0.0006736040935584395	0.9976708819733127	0.004072239803401973	0.02008839883188586	0.0007764035340931818	0.9999742288028064	0.00027637314242508974	0.0012871249057613825	4.78152726032812e-06	0.9986249875630508	4.5583212992277195e-07
0.0	0.0	1.0	0.0	0.013600480850767304	0.0007662119062199923	0.9972174457777316	0.003831414451074929	0.026192452554610418	0.001242236939262377	0.9999297942447587	0.0001863308220380806	0.0021170178932314885	1.030578891667935e-05	0.9977308612030679	2.965833697661986e-07
0.0	0.0	1.0	0.0	0.0064411527115965875	0.0006443293601241018	0.9973308903478602	0.0048284540413473355	0.011665477733195631	0.0005792247383197732	0.9999659869571574	0.0008152131132452574	0.0006628463322201547	5.014725923719893e-06	0.9980201234630771	9.409894024572521e-07
0.0	0.0	1.0	0.0	0.006183323580803278	0.001125556540727705	0.9973762316876611	0.0036495459459606762	0.029056623002335184	0.001744986288093193	0.9998836958403635	6.337962785689361e-05	0.0009316407246196443	0.00014733992563866066	0.998601173773089	2.4095423304836045e-07
0.0	0.0	1.0	0.0	0.005415914041009417	0.001520161952289423	0.9962458295943427	0.0032149948422521128	0.02356626498986104	0.003080742538483296	0.9993861120872531	8.17015677258483e-05	0.00040194637394300945	0.00024544119770026176	0.9963909781638407	1.391434355990262e-07
0.0	0.0	1.0	0.0	0.0030007812810935765	0.0019108007720801928	0.9913424798316703	0.005849129040716333	0.012396271245371732	0.004257070921724566	0.9974895187746627	0.0014215342846281569	0.0001809938855362735	0.00020325974509883806	0.9868362078050721	9.995655303888947e-07
0.0	0.0	1.0	0.0	0.006313856840925954	0.0015937641523280097	0.9960933583914594	0.0029467372772030757	0.025963958793772307	0.0028956283031523686	0.999308522159065	4.535604811943285e-05	0.0006069930473261535	0.0002628396030909971	0.9960876540081647	8.285124270399448e-08
0.0	0.0	1.0	0.0	0.005848757827982917	0.0013860867205356417	0.9968705090796713	0.0030089118726652642	0.02520254707580579	0.002352114353409992	0.9996138568245521	5.677231168302859e-05	0.0005044177469262944	0.00023205326863051515	0.997287990414004	1.0587552196839915e-07
0.0	0.0	1.0	0.0	0.0034696538819006667	0.0017603179399155006	0.9925064878674312	0.005338044620150709	0.014432318948184836	0.003762704986036246	0.9978844304585919	0.0010350287930208344	0.00029082191547346274	0.00020397334783978175	0.9891433589981687	7.868648889425159e-07
0.0	0.0	1.0	0.0	0.010568019276201273	0.0012505030559968851	0.9955519565058749	0.0031616043585295014	0.03523004125231216	0.002692694554552474	0.9988512590828447	0.00016162954091012506	0.0007921346920499394	9.775155133041552e-05	0.9950845786476759	3.137777050431495e-07
0.0	0.0	1.0	0.0	0.013546547726717506	0.0013500949735507784	0.9952850415263629	0.002838382267671516	0.04463413919401719	0.003008831169276063	0.9987394289819993	0.00010504415395701111	0.0011044477396277602	0.00012949014507449951	0.9940159335147943	1.7243446184821763e-07
0.0	0.0	1.0	0.0	0.006380615337384782	0.0015961384239804419	0.9962841983534149	0.0028742725251625647	0.026834590177259848	0.003165582129852473	0.999401244549606	5.811974721572149e-05	0.0005880845986508672	0.0002793117759392618	0.9960316915959649	8.433347730838904e-08
0.0	0.0	1.0	0.0	0.008338790967883418	0.0014930391684311929	0.9960725790330501	0.002828131019086136	0.032667471662487825	0.003178748346067807	0.9992042492425921	7.203888663078773e-05	0.0007030937124309932	0.0002206423657925945	0.9955964706286125	1.1406891546640367e-07
0.0	0.0	1.0	0.0	0.01477195781490043	0.0016052025670904744	0.9935878027903342	0.0026467143053398247	0.045037809535654956	0.0035583198491534926	0.9980606302708466	6.1032318449257836e-05	0.0013815954723722234	0.00018054134213509566	0.9901212559910023	1.0613535686713084e-07
0.0	0.0	1.0	0.0	0.008310929373961572	0.0014289809887791743	0.9962983883340327	0.002875297353545117	0.03242521618558926	0.002979110233606821	0.9993244186959247	7.285155926061934e-05	0.0006659518636519791	0.00020592645497882997	0.9959571851968559	1.1853188861045231e-07
0.0	0.0	1.0	0.0	0.010901604769677786	0.001113987778836849	0.9963915467204173	0.003006626345810527	0.035848274833233745	0.0020766633344693947	0.9992334755470558	0.00013580855911952836	0.0009766907503599208	0.00010301325182443046	0.9965570742128447	2.7913185602754445e-07
0.0	0.0	1.0	0.0	0.010887524276595603	0.0011381823597379432	0.996314508911299	0.0030088678757756626	0.035789210192877466	0.0021578623515403446	0.9992052234369619	0.00013711301097285052	0.0009892262484957784	0.00010538945862123406	0.9963244413164897	2.7911385105436057e-07
0.0	0.0	1.0	0.0	0.03251657913806504	0.001876175295569238	0.9782134651284315	0.0017947091958670945	0.10092707532485287	0.003301432251759381	0.9913892740013347	0.00015076920899200275	0.0038147485656488565	0.00020866882426902206	0.9626934958077659	4.903345914210115e-07
0.0	0.0	1.0	0.0	0.0017339488705722023	0.0038953077208506606	0.9652084774031013	0.006248823463448057	0.004004312276259331	0.009937534971068213	0.9843369280834898	0.0012951084675021107	6.506910004597729e-05	0.0004282564356410418	0.9297142124507176	1.288907348567131e-05
0.0	0.0	1.0	0.0	0.0008202949653560601	0.0007914986461418596	0.9884137608556297	0.02310012830609936	0.000511562410657177	0.0006523989741976202	0.9967460897077998	0.045153231028630086	1.5147075757078272e-06	1.8742645711068895e-05	0.9846947399306003	0.002412764842144111
0.0	0.0	1.0	0.0	0.0008576885455017365	0.000986009823742454	0.9914701369955992	0.012333861431633618	0.0007792157348334751	0.0016182973362870224	0.9974752488053859	0.018044456627145447	2.0616839501345636e-06	5.088339005586155e-05	0.9888710958825402	0.0003358291304480426
0.0	0.0	1.0	0.0	0.0008240926262910071	0.000819424381902024	0.9856609835830854	0.030367620522374725	0.00042985470525531316	0.0007568351687561648	0.9958659522258446	0.055447790255030924	5.457063176072397e-07	1.9315593787242168e-05	0.9803516314806127	0.00495078914276603
0.0	0.0	1.0	0.0	0.0008335415777189336	0.0008057742151312458	0.9853214969880381	0.028293853321984586	0.000473412352515779	0.0006074178314149849	0.9958400623057391	0.05078742150174887	1.140926167550599e-06	1.8158403599414826e-05	0.9792190921912981	0.004128624216563911
0.0	0.0	1.0	0.0	0.0022054506190147625	0.001582885580638034	0.991822881870381	0.009157691989380658	0.006574599294348783	0.0035823901123563104	0.9983229941690142	0.0028771238711100522	7.87297744978908e-05	8.781071595332426e-05	0.9903903917772315	1.2577025485131756e-05
0.0	0.0	1.0	0.0	0.0017836504769419043	0.004261922156399142	0.9927962932338933	0.007366796135814065	0.005415726497421537	0.014160797271806093	0.9985112968398117	0.0010813768014828321	6.006269304496599e-05	0.000308764393017764	0.9907702207804968	3.620989640526839e-06
0.0	0.0	1.0	0.0	0.0029927157365183025	0.008924595185314067	0.9645054957056082	0.009781635722287603	0.009975495783541876	0.027399755301097565	0.9831200856966387	0.0029307272689388032	0.0001909602618272618	0.00047030773259126765	0.9372167460202091	3.528206422286934e-05
0.0	0.0	1.0	0.0	0.002213571598199109	0.010969240867160989	0.9722989661170465	0.010569638275187625	0.006596988776797418	0.030565816199217555	0.9886776632868925	0.002835980565661129	9.101839588170456e-05	0.0008663829951951732	0.9519182044507465	1.8224331625324095e-05
0.0	0.0	0.0	1.0	0.010360235195234501	0.0008047811334190294	0.009687643357754584	0.9990390023688118	0.02269792891049272	0.000204121226429289	0.02246947388557543	0.999942377860881	0.0014436595493189832	4.058347291724075e-07	0.002424876535007028	0.9990748226044883
0.0	0.0	0.0	1.0	0.020672598408660536	0.0008379793747088147	0.0011556890926933158	0.9994241630833538	0.05410090552035663	0.00026683288675710015	0.0016046257164732925	0.9999954998657794	0.007379610889264413	4.3615901237601627e-07	0.0001452779794023691	0.9997974097989918
0.0	0.0	0.0	1.0	0.019042524559853037	0.0011510186062403077	0.0006901572336968468	0.9990717354837135	0.08532540106540963	0.00043354833021129593	0.00044039107414534426	0.9999950412160229	0.0014007715051303218	1.5872449671106418e-06	1.420810920097682e-05	0.9997707423230886
0.0	0.0	0.0	1.0	0.002099224152152773	0.0015308311727965293	0.0011326900765705602	0.9993351392914517	0.00643595113980996	0.0022388654146863122	0.0018901792319716397	0.9999283244098963	8.611242730747915e-06	4.7775704702972506e-05	9.568928464928712e-05	0.9984402302731341
0.0	0.0	0.0	1.0	0.003208362498416554	0.001078563467424735	0.0015105538747542265	0.9993647687705183	0.01380243823234907	0.0007643996333570995	0.0032697457675015733	0.9999299525136052	0.00010598919595806944	2.5484459508385344e-05	0.00020043575262650092	0.9990598375035071
0.0	0.0	0.0	1.0	0.0030783062653982917	0.0010150278246867758	0.001584218225984519	0.9994398497143971	0.012981465185822539	0.0007180419652260077	0.003671843221604608	0.9999378683682125	0.00011879588734912865	2.251338106412884e-05	0.0002187193010861458	0.9991252731378982
0.0	0.0	0.0	1.0	0.00628088631363113	0.001321288938219774	0.0010160163591580835	0.9990138684541541	0.03345953436172904	0.0007082073117314453	0.0012412983059387759	0.9999210648416677	0.00021756912010921666	1.7424669521345463e-05	8.421342343038932e-05	0.9992667248793045
0.0	0.0	0.0	1.0	0.0019398304344131901	0.0014920796841425782	0.0011464910952984205	0.9993014867782323	0.005657792470247717	0.002121871347856157	0.0019053866971737536	0.9999230188544711	9.7744802035423e-06	5.109573088388827e-05	9.803821029882428e-05	0.9982520564188889
0.0	0.0	0.0	1.0	0.0037448633097325436	0.0015190427434260319	0.0008173399764873955	0.9990586107657247	0.014721896045774632	0.001299705535761877	0.0007278330184072814	0.9999093071354714	3.725969775237503e-05	3.1957286774210145e-05	3.592776233044885e-05	0.9988507300430264
0.0	0.0	0.0	1.0	0.009741003354648997	0.0014087437333120732	0.0011266951523273476	0.9955221404209529	0.030849616599282224	0.0015007401295890606	0.0016646415430822967	0.9988488037087623	0.0015344869522182967	3.694965290197348e-05	0.00010143983179199431	0.9919062647141534
0.0	0.0	0.0	1.0	0.01823391862170279	0.001347328195372398	0.001404886267524228	0.9911676184325621	0.04195829693959976	0.0014613761533650977	0.0024621248777561967	0.9971336502020399	0.004891867572744734	3.135495056264513e-05	0.00016888532454170053	0.9832988820504219
0.0	0.0	0.0	1.0	0.0016680213479886817	0.0008600109916876206	0.01091601535895627	0.996434787293346	0.0017914627424099139	0.0011953681655638177	0.02429350068742779	0.9991712776284067	0.00013695926279389857	7.384036063381001e-06	0.0040666885294545155	0.9923349330241903
0.0	0.0	0.0	1.0	0.00196700269949987	0.0008349072470416406	0.012023877289716095	0.9950044135132005	0.0036854486431325277	0.0009045597013856696	0.03221275844884935	0.9991678123428008	0.00032972842544112563	9.638975898165616e-06	0.004938722659152969	0.9883873054174113
0.0	0.0	0.0	1.0	0.0013327391250759785	0.0010236402668986281	0.00259140902218085	0.9992664916297027	0.0024156348322517253	0.0012130450530144236	0.007107935100527155	0.9999209834358238	1.7516332821774975e-05	3.0203686687307262e-05	0.00048140133116953863	0.9978514440616684
0.0	0.0	0.0	1.0	0.0023756028627512854	0.0006635323708903722	0.026180382890447825	0.999606091360256	0.004566639075778069	0.00016081128189722815	0.07104098744708597	0.9999646695305575	0.00021923073314783405	8.130759179286815e-07	0.006765577877642728	0.9992401114535288
0.0	0.0	0.0	1.0	0.0017188930922079613	0.0010093708985003198	0.002767231545978602	0.9984683945410727	0.004514591623377814	0.0013264836732863167	0.00754808621168403	0.9997883099940222	0.00010358020671683836	2.7629399138233443e-05	0.000508875778103204	0.9958334341844125
0.0	0.0	0.0	1.0	0.0030192455013942116	0.0015409960361889034	0.001176192134733028	0.9978288646800485	0.011579044067430905	0.00347672665147253	0.0011665369800894195	0.9995752590687706	0.00011804950205920112	0.00017425544092790088	3.403773070120719e-05	0.9948886812636818
0.0	0.0	0.0	1.0	0.0025076727481966165	0.0015811398558863553	0.0015559055331732419	0.9939680223706981	0.007035433733963147	0.003916870051350403	0.0028115730986044618	0.9990102515933352	0.00014358447022934525	0.00015229023841562133	7.069629740046293e-05	0.9843063342737843
0.0	0.0	0.0	1.0	0.0018015289870309664	0.0010867428134966985	0.0019419209599826194	0.9988497952556451	0.0049444634973793734	0.0015169486564066885	0.0043603835103213	0.9998717059557338	0.00014024638262715152	3.123998830665727e-05	0.00035726169036641865	0.9971141949323532
0.0	0.0	0.0	1.0	0.014371785606345226	0.001270989581757905	0.0011873766334312803	0.9971554028926426	0.03220539964096436	0.0026420664476516646	0.0010987653024444883	0.9993356651022189	0.005174238342853687	1.2274502368265952e-05	5.878812296144601e-05	0.993374679050137
0.0	0.0	0.0	1.0	0.002783070833964193	0.0013407282373845799	0.000864911987723653	0.9992073775049031	0.011592273860179012	0.0026569999059457665	0.0005395320856329777	0.9998953801073586	0.00014302018104808903	4.476470562439733e-05	2.1576090256631926e-05	0.9977321206847003
0.0	0.0	0.0	1.0	0.001959646539680611	0.001041379158017974	0.0028151507052203376	0.9978200233383482	0.005409630588889219	0.0014275796440402144	0.007130313111231338	0.9996658966233916	0.00022250313518126953	2.7064182421721782e-05	0.0006016617069387211	0.9947361067891729
0.0	0.0	0.0	1.0	0.001955302519087842	0.0010884584878381367	0.0019401535388590076	0.9994869169055728	0.005138127034654201	0.0011329833344095835	0.004663234571786849	0.9999341194171354	8.832497987571578e-05	3.189665564794945e-05	0.0003116702512666576	0.9988720363820125
0.0	0.0	0.0	1.0	0.0029867366466681342	0.0011487410455509777	0.0011941972596767269	0.9995773291065513	0.014915954581909825	0.0010355002739542397	0.0016799404999339421	0.9999431330899777	2.898544235844102e-05	5.972642716961189e-05	0.000154008077624021	0.9990458362119585
0.0	0.0	0.0	1.0	0.0017540326583125013	0.0014618702873564254	0.0016777336889646339	0.9993273167000528	0.005595208807194277	0.001878886388983598	0.003069209515989495	0.9998938611285012	2.2326374903561035e-05	0.00013914764199788004	0.00017356546050980153	0.9985947380657734
0.0	0.0	0.0	1.0	0.002365852658413257	0.0012278159356303691	0.001119569132936524	0.9987807237071433	0.010040865476513982	0.001992121084776602	0.0019151185352741524	0.999896188798584	5.359024414431281e-05	4.854492961498211e-05	9.849077504394954e-05	0.996346655603011
0.0	0.0	0.0	1.0	0.0018449574042190818	0.0012808832149381207	0.0015954413999717944	0.9988160109947292	0.005456516246036232	0.001905433307403768	0.0027339699440164737	0.999906870397515	1.7006366214201413e-05	7.645260510856617e-05	0.00025232045836807136	0.9963134146723477
0.0	0.0	0.0	1.0	0.0013426812734082631	0.0011755297845088947	0.0038514321678914244	0.9991956049746443	0.0018566103944963875	0.002145051933717807	0.007903576511732902	0.9999239896643005	4.520166667420705e-05	3.156521410190772e-05	0.0009582787791174865	0.9979147549316354
0.0	0.0	0.0	1.0	0.0013470624853521452	0.0010783626190435346	0.006711494290852271	0.9973818857122796	0.0020255257614684905	0.0021926043966865576	0.01283421684745785	0.99991848159789	2.6216778360728336e-05	9.670514505123936e-06	0.001515739755266902	0.9910254698992316
0.0	0.0	0.0	1.0	0.0020619876935248495	0.0012459113265877934	0.0015087507237766013	0.9990933803172608	0.007153459727201738	0.00172455407660727	0.0025729196997089174	0.999925756798281	2.275266855404385e-05	7.091946156313686e-05	0.00021442786087245877	0.9973151155788113
0.0	0.0	0.0	1.0	0.0014821625174840584	0.0010522131639857577	0.003434680561679817	0.9985905477126268	0.0028766520021634356	0.001270874372074078	0.005953586308477934	0.9998969644283803	1.184636123531865e-05	3.5209011421090576e-05	0.0011651957972718843	0.9955975324169153
0.0	0.0	0.0	1.0	0.0016377110978636658	0.0010431151118963772	0.0020435406429374038	0.9983146687891773	0.003460423594094783	0.0015507204973221143	0.0033152107703366285	0.9998586376934012	2.9113355513786355e-05	2.333697671092438e-05	0.0004922172923267888	0.9946056903035856
0.0	0.0	0.0	1.0	0.0018399972855128817	0.0016998747763255963	0.0028358060589479366	0.9994126154767674	0.006499801013823892	0.0015729277377200806	0.0058078298836251405	0.9999605520873719	5.412711197284614e-05	8.969029140436229e-05	0.00010040345555708158	0.9987012629375389
0.0	0.0	0.0	1.0	0.01078629595999505	0.007151520730714058	0.0021240465532209674	0.9907772934181172	0.04257672047908782	0.018828184199383632	0.0003433216718921888	0.9978218054588204	0.0008486773386143392	0.0006335122483667239	3.1008681654491255e-06	0.9810755356468828
0.0	0.0	0.0	1.0	0.004917220604148641	0.006762920289114646	0.0013768688440331184	0.985575866495073	0.01637287373550076	0.024137333080787502	0.0004759263257633005	0.9949037082193389	0.0003541855178613838	0.00101046799002649	6.949049095304161e-06	0.9663231028910625
0.0	0.0	0.0	1.0	0.0028625043964938986	0.025562301738923328	0.001177535414733624	0.9790308600100026	0.008693557038384238	0.04992109807552965	0.0006498648997192488	0.9899904628158739	0.00010254526741652472	0.009739837112604458	1.691483204295442e-05	0.961270756523435
0.0	0.0	0.0	1.0	0.005164430336007942	0.002390236248608031	0.0014719709086932825	0.9964189070915266	0.025925444926486633	0.005247969484658325	0.0009377163132391844	0.9992807250002431	0.0003147581504164067	0.0002565583871398837	1.4626025679846496e-05	0.9853732296189233
0.0	0.0	0.0	1.0	0.0011048050173139826	0.005011305528259783	0.011521287931677855	0.973323055434325	0.0014950442490730886	0.010567490765226258	0.02728458504678301	0.9901281644084954	4.96065442350973e-06	0.0011228565342878832	0.0023457826639345573	0.9491380296353491
0.0	0.0	0.0	1.0	0.0024063614432799146	0.04154080525329184	0.0014045832040974063	0.9431236468092186	0.007980212760556549	0.08548312343671116	0.0004932211224722101	0.9815666265330452	6.978995669203049e-05	0.014343061959611698	2.6152864896829994e-05	0.86278338103574
0.0	0.0	0.0	1.0	0.0011366137028867413	0.0013326191019995429	0.007516339511273918	0.9981513330620085	0.0020795892974060782	0.0011510831354620429	0.02414096264645227	0.999809311588786	1.0405943685229418e-05	0.0001696167832174478	0.0010810370645462572	0.9959764984331467
0.0	0.0	0.0	1.0	0.001223347167109892	0.027502137440716598	0.0018816128157062323	0.9889142855078433	0.002456894614981406	0.04802288156926394	0.0017053081585482806	0.9987648087650078	1.1618580017919705e-05	0.011753791780491022	0.0001582989263876934	0.9673715226544518
0.0	0.0	0.0	1.0	0.0027042404214833228	0.0025197451262567354	0.001869064722007447	0.9976163265158711	0.011600515133716542	0.0031450736444418176	0.003402034512490108	0.9996830138215502	4.942803450644389e-05	0.0002715913630766132	0.0001614225239075072	0.9944140463693357
0.0	0.0	0.0	1.0	0.0028363966174522483	0.0008405660226526141	0.001214075357778534	0.9988706840642433	0.010163793761280128	0.0006385027139562123	0.002253289898263993	0.9998566584104563	0.00014022155170410043	8.61542745840829e-06	0.00019468894711185774	0.997153992378198
0.0	0.0	0.0	1.0	0.0026710125342334482	0.0008665136482450586	0.002314671171610612	0.9993907088924927	0.010192268435934388	0.0006698083802856169	0.007016873742399971	0.9999248431685658	0.00013631925325156225	1.712091504285323e-05	0.0002761285518050557	0.9986342806238965
0.0	0.0	0.0	1.0	0.0020870509028599648	0.0009603071781546495	0.001915557797912094	0.9993948947965516	0.006773893962208357	0.0009061960012134594	0.005465951943848217	0.9999379881198164	5.0238747863581266e-05	2.7945121499972986e-05	0.0002304065990153788	0.9983122131032584
0.0	0.0	0.0	1.0	0.002204238709865818	0.0009665577187320248	0.00178276917311881	0.9994795794764944	0.0074987470794575396	0.0008688031993903884	0.0048953509467940266	0.99994889017834	5.1079154566331044e-05	2.8900801283547676e-05	0.0002047644279050981	0.9986533539949891
0.0	0.0	0.0	1.0	0.002588129287428694	0.0008420931012128503	0.0014582115122277173	0.9987813028428479	0.009074080246166795	0.0006814581554303285	0.0029235273772591787	0.9998621038387929	9.879259748207731e-05	1.0085800714464332e-05	0.00029825743046450433	0.9966285580550194
0.0	0.0	0.0	1.0	0.0025623479744665795	0.0008479553378120352	0.001514689631675509	0.9988044717358463	0.009365707369515919	0.0006764544138917023	0.0029217519254819122	0.9998687685541682	7.240549568325442e-05	1.095329097025417e-05	0.00030091080915012846	0.9967766989274083
0.0	0.0	0.0	1.0	0.002157009465792571	0.0009389072641026423	0.002710276229211818	0.9992294192548418	0.007211209681590967	0.0007678844447489559	0.008688816869461028	0.9999024031491511	7.490482284254403e-05	2.7533729404445198e-05	0.00033534556625851395	0.9980981755999535
0.0	0.0	0.0	1.0	0.002444858794553846	0.0009518741816015817	0.002874307769259376	0.9974162417597309	0.008870941950817345	0.0012545845040653155	0.007946940501427389	0.9995234213609712	0.00035012986383471526	2.6203581175563125e-05	0.00045903140473104	0.9930684165320475
